8.547846694614568992e-04
1.323222552450825683e-04
2.788682009076853320e-04
6.268669287354803514e-04
6.940164826721724033e-04
9.239153973823504206e-04
3.175747623320915964e-04
5.474745122658826501e-04
-3.042169566884014953e-05
5.739358345195664330e-04
1.975007857126881113e-04
7.631425073683283057e-04
5.739379684635741510e-04
7.347030830981058323e-04
9.768443449860093105e-04
7.489273755013391501e-04
3.440405482230199786e-04
8.709836254409634299e-04
6.288442519377057628e-04
6.146251015577225635e-04
8.567623235171640747e-04
1.974949191216526648e-04
6.410873810016255768e-04
5.210083902654217549e-04
5.332515214703146232e-04
5.067854492607031230e-04
3.724829509461877229e-04
7.082403664641844735e-04
3.317968153180911230e-04
6.940187467393211162e-04
8.018543468807083586e-04
7.345812058073711379e-05
4.783429640452789718e-04
8.018536513724745622e-04
6.288465270205135637e-04
3.847270925609409722e-04
6.288449829961574936e-04
7.896098171730094170e-04
2.504275090195629970e-04
5.067834930450677887e-04
9.645998558343261628e-04
4.273911336752373846e-04
7.224663578369396088e-04
3.440422783096258033e-04
5.719616760005878176e-04
7.489223517965305560e-04
4.660997902106824085e-04
5.352285377994454993e-04
3.724847712246003701e-04
7.469513911227676755e-04
5.229857078950722127e-04
5.881607776281222747e-04
6.837509618868685543e-04
6.695291225573943338e-04
6.004011599517841040e-04
1.045971244582618621e-03
1.303463064431954060e-04
5.881578779163461335e-04
5.759155051015200488e-04
6.553089908102538918e-04
7.631463042838630001e-04
5.861815549868601427e-04
1.852510511660529946e-04
3.724809530069073961e-04
7.102169316368711150e-04
1.084683707275811617e-03
4.396350739031685932e-04
7.102158919032275320e-04
5.087635486267676806e-04
4.273912891876055042e-04
9.484002799498621877e-04
1.247424047868450321e-03
8.283218770657965356e-04
6.288412949239108058e-04
8.302969350527068196e-04
8.974471056120549104e-04
3.440427550246821765e-04
7.102168653944709864e-04
2.117170893663709039e-04
8.283184331540937358e-04
6.004013488987900403e-04
1.031749683208910010e-03
6.288461205513661608e-04
1.139589195842379520e-03
5.067822308343796064e-04
6.146240816553332409e-04
8.832276541164923002e-04
8.160753627081560263e-04
8.709836926958786085e-04
6.695295702209137605e-04
8.283180614950553383e-04
5.048069577956621227e-04
9.381323888737208181e-04
3.724844807089164322e-04
5.597136576550205966e-04
2.768895689253150598e-04
6.553096261755791312e-04
1.690525379342884972e-04
2.097393915949606602e-04
4.925645241696341523e-04
