2.701897296332824577e-02
3.298606615426694783e-02
2.741350365733637509e-02
2.883003806313711240e-02
2.414013273836425333e-02
2.729613427971953540e-02
2.588309543428629969e-02
2.367080034528814061e-02
2.059728545949970555e-02
1.247173827048489447e-02
3.310634999725110134e-02
2.219610747915797336e-02
2.162069851935966708e-02
2.132530726498165635e-02
2.435102358098691078e-02
1.809843618191151957e-02
2.180706606284053134e-02
3.525663157722321028e-02
2.817212547492154925e-02
3.029225581126843495e-02
2.482810625460228973e-02
3.109993876703097404e-02
1.421063748309178178e-02
1.904822948335698277e-02
1.746744509705131648e-02
2.906312208331928229e-02
2.548830133826059802e-02
3.240131874298913389e-02
1.737812701005157778e-02
1.681583107594109353e-02
1.519337764380522884e-02
2.064655489335249713e-02
2.715417100570278672e-02
2.295047666498605671e-02
2.122119329911244939e-02
1.303899419313073876e-02
2.394559257192978297e-02
1.231811199719551504e-02
1.933928672913550612e-02
3.178991993791508569e-02
2.104953447023261842e-02
2.933967326712579038e-02
1.319001057059595444e-02
1.654402183534663465e-02
3.199851705297858395e-02
2.627766847224447325e-02
1.703773317013000665e-02
2.668920153439345577e-02
4.685888180081671829e-03
1.727284220638783396e-02
2.938152983137954505e-02
1.316034649111055138e-02
2.864197392186615052e-02
2.574428175804801752e-02
3.368841856197282714e-02
2.470908254604115006e-02
2.169093388730405220e-02
3.793831375235275777e-02
3.680909686649265489e-02
1.302917234612723657e-02
2.751735009162161252e-02
2.083399017996167765e-02
2.945406733907529259e-02
2.324800757031438361e-02
2.311623468033972492e-02
2.724327161953025989e-02
2.263776705988195664e-02
2.091127171477728461e-02
2.066288208275850885e-02
7.321924746602947488e-03
1.817680908599229525e-02
2.412060740265541126e-02
1.997122052852736904e-02
1.218216927393310674e-02
2.303448279515950964e-02
1.830873833851292404e-02
2.704727178931137094e-02
2.779103366618836460e-02
2.797455887199529548e-02
2.857242879218335752e-02
1.581889912583768834e-02
1.879511913615608543e-02
3.572805848638775650e-02
2.800097733782949336e-02
3.199684229536722130e-02
1.805647272691387334e-02
1.939000465041670201e-02
2.234225211971312131e-02
2.444562710852936707e-02
1.294265349594417303e-02
4.148463105846798837e-02
1.330976588740039913e-02
4.302848062825092960e-03
3.015081365917119879e-02
1.926861125089051469e-02
2.261339610499216515e-02
3.015800923261166555e-02
2.254861459212979466e-02
1.354311277845013026e-02
2.057093945316577216e-02
