-1.796519851811827380e+02
-1.796506259734402704e+02
-1.796506259737271307e+02
-1.796506259734403272e+02
-1.796519851800889569e+02
-1.796506259742538987e+02
-1.796506259737271023e+02
-1.796519851830441894e+02
-1.796506259742278644e+02
-1.796519851811827095e+02
-1.796506259731607429e+02
-1.796521179967477337e+02
-1.796521179966772195e+02
-1.796521179967199373e+02
-1.796521179956529011e+02
-1.796521179965949386e+02
-1.796521179967458295e+02
-1.796521179959323149e+02
-1.796521179967457726e+02
-1.796534772039091763e+02
-1.796534772067062704e+02
-1.796521179956529011e+02
-1.796519851853176988e+02
-1.796506259742277791e+02
-1.796506259734400714e+02
-1.796506259742536145e+02
-1.796506259737268181e+02
-1.796506259737267612e+02
-1.796506259741850329e+02
-1.796506259742555187e+02
-1.796519851800886158e+02
-1.796506259742554903e+02
-1.796506259741849760e+02
-1.796521179962189763e+02
-1.796521179959321444e+02
-1.796521179959321728e+02
-1.796521179959322012e+02
-1.796521179967458011e+02
-1.796521179966774184e+02
-1.796521179967479611e+02
-1.796521179967201078e+02
-1.796521179956531000e+02
-1.796521179967481316e+02
-1.796534772039095174e+02
-1.796521179967197668e+02
-1.796521179966770774e+02
-1.796534772025341340e+02
-1.796534772036744698e+02
-1.796521179967454884e+02
-1.796521179959320307e+02
-1.796521179967455168e+02
-1.796521179967455168e+02
-1.796521179967476485e+02
-1.796521179962188910e+02
-1.796521179967476201e+02
-1.796521179959320875e+02
-1.796521179965947397e+02
-1.796521179966770774e+02
-1.796534772036745551e+02
-1.796521179967455737e+02
-1.796534772055360634e+02
-1.796534772055360634e+02
-1.796534772039090058e+02
-1.796534772025342477e+02
-1.796521179956526453e+02
-1.796521179967197668e+02
-1.796521179965947965e+02
-1.796521179967456021e+02
-1.796521179962190047e+02
-1.796534772078096296e+02
-1.796534772063586729e+02
-1.796521179967478758e+02
-1.796521179956527874e+02
-1.796521179967199089e+02
-1.796521179966774184e+02
-1.796534772039093184e+02
-1.796521179956530148e+02
-1.796519851842142259e+02
-1.796506259741029226e+02
-1.796506259741852887e+02
-1.796506259731607429e+02
-1.796506259734401283e+02
-1.796506259742278928e+02
-1.796506259731607997e+02
-1.796519851811828516e+02
-1.796506259741030362e+02
-1.796506259734402704e+02
-1.796506259741030078e+02
-1.796519851814171602e+02
-1.796519851800424021e+02
-1.796506259742538134e+02
-1.796506259734402988e+02
-1.796519851842142828e+02
-1.796506259741029794e+02
-1.796506259741030362e+02
-1.796506259742559450e+02
-1.796506259731609987e+02
-1.796506259734403841e+02
-1.796506259741854876e+02
-1.796521179962189763e+02
-1.796534772036747540e+02
-1.796521179967457726e+02
-1.796534772063587297e+02
-1.796521179965948534e+02
-1.796534772039091479e+02
-1.796521179965949671e+02
-1.796534772055362339e+02
-1.796521179967458579e+02
-1.796521179965950523e+02
-1.796521179965951092e+02
-1.796521179967197668e+02
-1.796521179967476769e+02
-1.796521179962189478e+02
-1.796521179967456305e+02
-1.796534772036746404e+02
-1.796521179967456874e+02
-1.796521179967478190e+02
-1.796521179966773332e+02
-1.796521179967478474e+02
-1.796521179966773047e+02
-1.796534772063587297e+02
-1.796521179967197668e+02
-1.796521179962189478e+02
-1.796521179966772479e+02
-1.796534772036746688e+02
-1.796521179956526453e+02
-1.796521179967476201e+02
-1.796521179966771626e+02
-1.796521179967197099e+02
-1.796534772067060146e+02
-1.796521179965946828e+02
-1.796534772063585308e+02
-1.796519851800889001e+02
-1.796506259734402704e+02
-1.796506259742537850e+02
-1.796506259731608566e+02
-1.796519851853177272e+02
-1.796506259741853171e+02
-1.796506259742279212e+02
-1.796506259742558598e+02
-1.796506259734402136e+02
-1.796506259742280065e+02
-1.796506259741854024e+02
-1.796519851853176988e+02
-1.796506259737270739e+02
-1.796506259742278644e+02
-1.796506259731607429e+02
-1.796506259742279781e+02
-1.796506259742279212e+02
-1.796519851814171602e+02
-1.796506259731606860e+02
-1.796506259741852034e+02
-1.796506259742556892e+02
-1.796506259742556892e+02
-1.796519851800889001e+02
-1.796506259741851466e+02
-1.796506259737269033e+02
-1.796506259741028089e+02
-1.796519851800423169e+02
-1.796506259742558029e+02
-1.796519851814170750e+02
-1.796506259742558598e+02
-1.796506259742558029e+02
-1.796519851814171886e+02
-1.796506259742558314e+02
-1.796519851800424306e+02
-1.796519851800889285e+02
-1.796506259734402988e+02
-1.796506259741854876e+02
-1.796519851853178409e+02
-1.796519851800890137e+02
-1.796506259742537566e+02
-1.796519851830441041e+02
-1.796506259737269886e+02
-1.796506259737270170e+02
-1.796506259741852318e+02
-1.796519851814171602e+02
-1.796506259734402704e+02
-1.796506259737271591e+02
-1.796519851830442178e+02
-1.796506259742558314e+02
-1.796519851830442178e+02
-1.796519851853177840e+02
-1.796506259741853171e+02
-1.796519851830442462e+02
-1.796506259741029510e+02
-1.796506259742558882e+02
-1.796519851814171602e+02
-1.796519851853175567e+02
-1.796506259731606292e+02
-1.796506259737269033e+02
-1.796519851830439904e+02
-1.796506259741027804e+02
-1.796519851814170750e+02
-1.796506259734401283e+02
-1.796506259731607713e+02
-1.796506259742558882e+02
-1.796519851800890422e+02
-1.796519851811827380e+02
-1.796506259742559735e+02
-1.796506259737272444e+02
-1.796506259737272444e+02
-1.796519851800426011e+02
-1.796519851838669410e+02
-1.796519851814173592e+02
-1.796519851838669126e+02
-1.796506259742561440e+02
-1.796506259741855160e+02
-1.796506259742559735e+02
-1.796519851830441894e+02
-1.796506259741028373e+02
-1.796506259741852034e+02
-1.796506259742558314e+02
-1.796506259742559166e+02
-1.796506259741854308e+02
-1.796506259734402988e+02
-1.796506259742279212e+02
-1.796506259741028373e+02
-1.796506259742537281e+02
-1.796506259731607713e+02
-1.796519851838667705e+02
-1.796506259731607997e+02
-1.796506259737271591e+02
-1.796506259737271591e+02
-1.796519851811827664e+02
-1.796506259742278928e+02
-1.796519851814172171e+02
-1.796506259731608282e+02
-1.796506259742279212e+02
-1.796506259741030078e+02
-1.796506259741853739e+02
-1.796519851814171602e+02
-1.796519851842143396e+02
-1.796506259741029794e+02
-1.796506259742557461e+02
-1.796506259742536713e+02
-1.796506259741853171e+02
-1.796506259734402420e+02
-1.796506259734402136e+02
-1.796506259734402136e+02
-1.796506259741853455e+02
-1.796506259741029794e+02
-1.796521179967477337e+02
-1.796521179967456305e+02
-1.796521179967197384e+02
-1.796534772078096012e+02
-1.796521179965948249e+02
-1.796521179967457158e+02
-1.796534772039092047e+02
-1.796534772036747256e+02
-1.796521179966772763e+02
-1.796534772036746972e+02
-1.796521179966772763e+02
-1.796519851814171602e+02
-1.796506259741029510e+02
-1.796506259741030078e+02
-1.796506259742280633e+02
-1.796506259741855160e+02
-1.796519851830443599e+02
-1.796506259741855445e+02
-1.796506259742281202e+02
-1.796519851853180398e+02
-1.796506259742540976e+02
-1.796506259731610555e+02
-1.796521179967456305e+02
-1.796521179967195678e+02
-1.796521179962187773e+02
-1.796521179967196531e+02
-1.796534772055359781e+02
-1.796534772063585024e+02
-1.796521179967476201e+02
-1.796534772055359213e+02
-1.796534772078094306e+02
-1.796521179956525316e+02
-1.796534772067059009e+02
-1.796519851842142259e+02
-1.796506259742557745e+02
-1.796506259731607145e+02
-1.796519851830441326e+02
-1.796519851800887864e+02
-1.796519851838666000e+02
-1.796506259741028373e+02
-1.796506259742536713e+02
-1.796506259737270454e+02
-1.796506259734402704e+02
-1.796519851830442747e+02
-1.796519851842142259e+02
-1.796506259734401567e+02
-1.796506259742536713e+02
-1.796506259737269886e+02
-1.796506259737269886e+02
-1.796506259742557745e+02
-1.796519851814172455e+02
-1.796519851811828516e+02
-1.796506259741854592e+02
-1.796506259741030362e+02
-1.796506259742280633e+02
-1.796519851842142259e+02
-1.796506259731607713e+02
-1.796506259742537281e+02
-1.796519851830441610e+02
-1.796519851853177556e+02
-1.796506259737271023e+02
-1.796506259734402988e+02
-1.796506259741853739e+02
-1.796506259741852318e+02
-1.796506259731606860e+02
-1.796506259742278360e+02
-1.796519851830441894e+02
-1.796506259731607429e+02
-1.796519851800423737e+02
-1.796519851800423737e+02
-1.796506259731607713e+02
-1.796506259742279212e+02
-1.796506259734402136e+02
-1.796519851800889001e+02
-1.796506259742537850e+02
-1.796519851800425158e+02
-1.796506259734402420e+02
-1.796519851830441894e+02
-1.796506259737271876e+02
-1.796506259741030078e+02
-1.796506259742559735e+02
-1.796519851814172739e+02
-1.796506259742538703e+02
-1.796506259731609418e+02
-1.796506259742280918e+02
-1.796506259741031499e+02
-1.796506259742280918e+02
-1.796519851830444168e+02
-1.796519851800424306e+02
-1.796506259734402420e+02
-1.796506259742558029e+02
-1.796506259741028941e+02
-1.796519851814171034e+02
-1.796506259741028657e+02
-1.796506259734402420e+02
-1.796506259741853171e+02
-1.796506259741028657e+02
-1.796506259742558882e+02
-1.796519851811826811e+02
-1.796519851838667705e+02
-1.796506259742279212e+02
-1.796506259742278928e+02
-1.796506259734401283e+02
-1.796506259731607713e+02
-1.796519851800423737e+02
-1.796506259731607145e+02
-1.796506259742278644e+02
-1.796519851800424021e+02
-1.796519851811828232e+02
-1.796506259742558314e+02
-1.796521179967197668e+02
-1.796521179967455737e+02
-1.796521179962188910e+02
-1.796534772055358076e+02
-1.796521179956523611e+02
-1.796521179966768500e+02
-1.796521179965945407e+02
-1.796521179962186920e+02
-1.796521179962187205e+02
-1.796534772063583603e+02
-1.796521179967474779e+02
-1.796521179967456305e+02
-1.796521179959320591e+02
-1.796521179956525884e+02
-1.796521179967195394e+02
-1.796521179967453747e+02
-1.796521179956523611e+02
-1.796521179962187205e+02
-1.796521179965945976e+02
-1.796534772039088352e+02
-1.796521179965946828e+02
-1.796534772036744982e+02
-1.796521179967477337e+02
-1.796521179967475916e+02
-1.796521179959319454e+02
-1.796521179967475916e+02
-1.796534772078094591e+02
-1.796521179965947113e+02
-1.796521179967476201e+02
-1.796521179965947113e+02
-1.796521179967455737e+02
-1.796521179959320875e+02
-1.796521179959320875e+02
-1.796519851800889001e+02
-1.796519851838666852e+02
-1.796519851838667421e+02
-1.796506259731608282e+02
-1.796506259737271023e+02
-1.796506259731608850e+02
-1.796506259741029510e+02
-1.796506259737270454e+02
-1.796506259731607997e+02
-1.796519851853176988e+02
-1.796506259734402136e+02
-1.796519851838667705e+02
-1.796506259741854308e+02
-1.796506259742559450e+02
-1.796506259742558314e+02
-1.796506259741030362e+02
-1.796506259742539555e+02
-1.796506259741855160e+02
-1.796506259742559735e+02
-1.796506259734403841e+02
-1.796506259734403557e+02
-1.796506259731608566e+02
-1.796521179956526737e+02
-1.796521179965947681e+02
-1.796521179962189763e+02
-1.796521179965947113e+02
-1.796521179962188342e+02
-1.796521179959320023e+02
-1.796521179962188342e+02
-1.796521179967196815e+02
-1.796521179965947113e+02
-1.796521179959318602e+02
-1.796534772025342477e+02
-1.796521179966771626e+02
-1.796521179966772195e+02
-1.796521179965948249e+02
-1.796521179966771911e+02
-1.796521179967477337e+02
-1.796521179956527590e+02
-1.796521179967478474e+02
-1.796521179965949671e+02
-1.796521179956528442e+02
-1.796521179965950239e+02
-1.796521179967479895e+02
-1.796519851830441894e+02
-1.796506259741028657e+02
-1.796506259737270739e+02
-1.796519851830441610e+02
-1.796519851800888716e+02
-1.796506259734402136e+02
-1.796506259741028657e+02
-1.796506259742278075e+02
-1.796506259737270454e+02
-1.796519851842140838e+02
-1.796519851800886443e+02
-1.796521179956526737e+02
-1.796521179967475916e+02
-1.796521179965947681e+02
-1.796521179956527305e+02
-1.796521179962190331e+02
-1.796521179956527874e+02
-1.796521179967478758e+02
-1.796534772067062704e+02
-1.796521179959323149e+02
-1.796521179967479895e+02
-1.796521179962192321e+02
-1.796521179967477337e+02
-1.796521179965949955e+02
-1.796521179965950523e+02
-1.796521179967479611e+02
-1.796521179965951092e+02
-1.796521179967199373e+02
-1.796534772063588719e+02
-1.796521179967480180e+02
-1.796534772063589287e+02
-1.796521179965950807e+02
-1.796521179965950523e+02
-1.796521179959320875e+02
-1.796521179967477906e+02
-1.796521179967457726e+02
-1.796521179967479043e+02
-1.796521179967479327e+02
-1.796521179962192605e+02
-1.796521179967481032e+02
-1.796521179967202215e+02
-1.796521179967460284e+02
-1.796521179967459432e+02
-1.796521179965950523e+02
-1.796521179959320875e+02
-1.796534772055361771e+02
-1.796521179966772763e+02
-1.796521179959322296e+02
-1.796534772067062420e+02
-1.796534772078096012e+02
-1.796521179967477906e+02
-1.796521179967477053e+02
-1.796521179967456021e+02
-1.796521179965947965e+02
-1.796534772063585592e+02
-1.796521179962189763e+02
-1.796534772036746972e+02
-1.796521179967476769e+02
-1.796534772063586445e+02
-1.796521179962189478e+02
-1.796521179967457442e+02
-1.796521179966773332e+02
-1.796534772025810298e+02
-1.796534772036747825e+02
-1.796534772025810014e+02
-1.796521179967479043e+02
-1.796519851800424306e+02
-1.796519851814172171e+02
-1.796519851853178125e+02
-1.796506259742280065e+02
-1.796506259737272444e+02
-1.796506259731610271e+02
-1.796506259734404125e+02
-1.796506259731609418e+02
-1.796506259741030362e+02
-1.796519851830442462e+02
-1.796506259742280065e+02
-1.796519851800424306e+02
-1.796506259741027804e+02
-1.796506259742559166e+02
-1.796506259734403272e+02
-1.796519851814173308e+02
-1.796519851800426011e+02
-1.796506259742280918e+02
-1.796506259731609987e+02
-1.796506259741031499e+02
-1.796506259742560587e+02
-1.796519851811829369e+02
-1.796519851800424306e+02
-1.796506259742538418e+02
-1.796506259734402704e+02
-1.796519851800889001e+02
-1.796519851814171602e+02
-1.796506259734402988e+02
-1.796506259731609134e+02
-1.796506259742279781e+02
-1.796519851838668842e+02
-1.796506259741853739e+02
-1.796506259742279497e+02
-1.796521179966771626e+02
-1.796521179967456021e+02
-1.796521179967477053e+02
-1.796521179956526453e+02
-1.796521179959320591e+02
-1.796521179967455453e+02
-1.796534772078094022e+02
-1.796534772036744130e+02
-1.796521179967454316e+02
-1.796521179967194826e+02
-1.796521179959318033e+02
-1.796519851842142259e+02
-1.796506259742536997e+02
-1.796506259742278360e+02
-1.796506259741852318e+02
-1.796506259742557177e+02
-1.796506259731606576e+02
-1.796506259742536145e+02
-1.796506259741851466e+02
-1.796506259741027804e+02
-1.796519851814170750e+02
-1.796506259741027520e+02
-1.796521179962189763e+02
-1.796534772036746119e+02
-1.796534772025344751e+02
-1.796521179962192036e+02
-1.796521179962192889e+02
-1.796521179967480464e+02
-1.796534772078099138e+02
-1.796521179959324570e+02
-1.796521179966775321e+02
-1.796534772067064694e+02
-1.796521179967459148e+02
-1.796519851814171602e+02
-1.796519851811826243e+02
-1.796506259742536429e+02
-1.796519851800423737e+02
-1.796519851800423453e+02
-1.796519851838667137e+02
-1.796506259742277223e+02
-1.796506259742556608e+02
-1.796519851811824537e+02
-1.796506259741025815e+02
-1.796519851800421179e+02
-1.796519851814171602e+02
-1.796506259741029510e+02
-1.796506259742279497e+02
-1.796506259741853739e+02
-1.796519851814171886e+02
-1.796506259741853455e+02
-1.796506259731608282e+02
-1.796506259734402704e+02
-1.796506259742558882e+02
-1.796519851811828516e+02
-1.796506259741030078e+02
-1.796519851838667705e+02
-1.796506259742279212e+02
-1.796519851800424590e+02
-1.796506259742279212e+02
-1.796506259742537566e+02
-1.796519851811827380e+02
-1.796506259742558882e+02
-1.796506259731607997e+02
-1.796506259742279212e+02
-1.796506259742537850e+02
-1.796506259734402704e+02
-1.796519851830441894e+02
-1.796506259741027804e+02
-1.796506259741851750e+02
-1.796519851800887295e+02
-1.796506259737268749e+02
-1.796519851830439620e+02
-1.796519851842139701e+02
-1.796506259742535292e+02
-1.796519851842140270e+02
-1.796519851842140554e+02
-1.796506259737269886e+02
-1.796521179967197952e+02
-1.796521179965949955e+02
-1.796521179967199657e+02
-1.796521179966773616e+02
-1.796534772039092331e+02
-1.796534772055362339e+02
-1.796521179967479327e+02
-1.796521179962191184e+02
-1.796521179967198805e+02
-1.796521179956527305e+02
-1.796521179956527590e+02
-1.796519851830441894e+02
-1.796519851800425158e+02
-1.796506259742538703e+02
-1.796506259737272444e+02
-1.796506259742280349e+02
-1.796506259742559166e+02
-1.796519851811827948e+02
-1.796519851800425158e+02
-1.796506259734403272e+02
-1.796519851838668274e+02
-1.796506259741853455e+02
-1.796521179956526737e+02
-1.796521179967475632e+02
-1.796521179967474495e+02
-1.796521179966770205e+02
-1.796521179962187205e+02
-1.796534772055358076e+02
-1.796521179959319170e+02
-1.796534772063585024e+02
-1.796521179965946544e+02
-1.796521179967196815e+02
-1.796521179956526453e+02
-1.796519851830441894e+02
-1.796506259741852887e+02
-1.796506259742537566e+02
-1.796519851800423737e+02
-1.796506259742538987e+02
-1.796519851838669410e+02
-1.796506259742560019e+02
-1.796519851814172739e+02
-1.796506259742539839e+02
-1.796519851800426579e+02
-1.796519851800426864e+02
-1.796521179956526737e+02
-1.796521179967456874e+02
-1.796521179966772479e+02
-1.796534772039090626e+02
-1.796521179956527305e+02
-1.796521179959321728e+02
-1.796534772036746688e+02
-1.796521179962189478e+02
-1.796521179967477337e+02
-1.796534772036744982e+02
-1.796521179956525316e+02
-1.796519851800424306e+02
-1.796506259731607145e+02
-1.796519851853176988e+02
-1.796506259731607997e+02
-1.796506259737270454e+02
-1.796519851842141691e+02
-1.796519851800423169e+02
-1.796506259737270739e+02
-1.796519851838667705e+02
-1.796506259742279497e+02
-1.796506259741029794e+02
-1.796521179965947965e+02
-1.796534772067060999e+02
-1.796521179962189763e+02
-1.796521179965947397e+02
-1.796521179966771911e+02
-1.796521179959320875e+02
-1.796534772055361202e+02
-1.796521179967476769e+02
-1.796534772078095443e+02
-1.796521179967198236e+02
-1.796534772063587582e+02
-1.796519851842142259e+02
-1.796506259742557745e+02
-1.796506259737271023e+02
-1.796519851842142543e+02
-1.796506259741029226e+02
-1.796506259731607713e+02
-1.796506259731607997e+02
-1.796506259741853739e+02
-1.796519851811826527e+02
-1.796506259734400714e+02
-1.796506259742556608e+02
-1.796521179967197952e+02
-1.796534772078095443e+02
-1.796521179966771058e+02
-1.796521179966771342e+02
-1.796521179959319738e+02
-1.796521179959319454e+02
-1.796521179962189194e+02
-1.796521179967198236e+02
-1.796521179967477906e+02
-1.796521179956527021e+02
-1.796521179966771626e+02
-1.796519851853176988e+02
-1.796506259742537566e+02
-1.796506259737272160e+02
-1.796506259731608850e+02
-1.796519851830442178e+02
-1.796506259742558598e+02
-1.796506259734402420e+02
-1.796519851814172739e+02
-1.796506259741030931e+02
-1.796506259741031499e+02
-1.796506259737273581e+02
-1.796521179967477337e+02
-1.796521179962190331e+02
-1.796521179965947681e+02
-1.796534772025807740e+02
-1.796521179959320307e+02
-1.796521179959320591e+02
-1.796521179966771626e+02
-1.796521179959320875e+02
-1.796521179967197668e+02
-1.796521179956526737e+02
-1.796521179962190047e+02
-1.796521179962189763e+02
-1.796521179965948534e+02
-1.796521179966771911e+02
-1.796521179962190331e+02
-1.796521179967479611e+02
-1.796521179967458579e+02
-1.796521179967200226e+02
-1.796521179967458011e+02
-1.796534772036747825e+02
-1.796521179965949955e+02
-1.796521179967479611e+02
-1.796521179959320875e+02
-1.796521179966771911e+02
-1.796521179967477053e+02
-1.796521179962189478e+02
-1.796534772025807456e+02
-1.796521179962189478e+02
-1.796521179959320023e+02
-1.796521179967476201e+02
-1.796534772039088637e+02
-1.796534772025806319e+02
-1.796521179967196815e+02
-1.796521179956526737e+02
-1.796521179966771911e+02
-1.796534772078095727e+02
-1.796534772078096012e+02
-1.796534772078095443e+02
-1.796521179967477053e+02
-1.796534772025343045e+02
-1.796521179962188910e+02
-1.796521179956525884e+02
-1.796521179967456305e+02
-1.796521179967456590e+02
-1.796519851853176988e+02
-1.796519851842143112e+02
-1.796519851853178409e+02
-1.796506259742560019e+02
-1.796506259742539555e+02
-1.796506259742280918e+02
-1.796506259742561156e+02
-1.796506259737273012e+02
-1.796506259742560587e+02
-1.796519851838669410e+02
-1.796519851800890137e+02
-1.796519851842142259e+02
-1.796506259742538703e+02
-1.796506259734403841e+02
-1.796506259742539271e+02
-1.796506259734404125e+02
-1.796506259741855445e+02
-1.796506259742281202e+02
-1.796506259741031215e+02
-1.796506259742539555e+02
-1.796519851830444736e+02
-1.796506259742282623e+02
-1.796521179967456305e+02
-1.796521179966771342e+02
-1.796521179962188626e+02
-1.796521179959320307e+02
-1.796521179956527021e+02
-1.796534772063585876e+02
-1.796521179965946828e+02
-1.796521179965947113e+02
-1.796521179967476201e+02
-1.796521179966771058e+02
-1.796521179967476485e+02
-1.796519851800889001e+02
-1.796519851800889853e+02
-1.796506259731609134e+02
-1.796506259741030078e+02
-1.796519851800424874e+02
-1.796506259741029794e+02
-1.796506259741029226e+02
-1.796506259737271307e+02
-1.796506259742537850e+02
-1.796506259741029794e+02
-1.796519851814173023e+02
-1.796519851800889001e+02
-1.796519851814170465e+02
-1.796506259742556892e+02
-1.796506259742535860e+02
-1.796506259742535860e+02
-1.796506259741851466e+02
-1.796506259742535576e+02
-1.796519851830439336e+02
-1.796506259742554334e+02
-1.796506259737267044e+02
-1.796506259741024962e+02
-1.796519851814171602e+02
-1.796506259742279781e+02
-1.796506259731608850e+02
-1.796506259737271876e+02
-1.796506259742538418e+02
-1.796519851830442462e+02
-1.796506259742538134e+02
-1.796506259742280349e+02
-1.796519851830442747e+02
-1.796506259731610271e+02
-1.796519851814173876e+02
-1.796521179967456305e+02
-1.796521179967197952e+02
-1.796521179966772195e+02
-1.796521179967198236e+02
-1.796521179967457442e+02
-1.796534772063587013e+02
-1.796521179967476769e+02
-1.796521179962189763e+02
-1.796521179967456590e+02
-1.796521179956527305e+02
-1.796521179959320875e+02
-1.796519851814171602e+02
-1.796506259742536997e+02
-1.796519851842141406e+02
-1.796506259731608282e+02
-1.796506259742538134e+02
-1.796506259742279497e+02
-1.796519851800889853e+02
-1.796506259742279212e+02
-1.796506259742537281e+02
-1.796506259731607429e+02
-1.796506259731607145e+02
-1.796519851811827380e+02
-1.796519851800890137e+02
-1.796506259734404694e+02
-1.796519851830443599e+02
-1.796519851814174444e+02
-1.796506259742540124e+02
-1.796519851800426579e+02
-1.796519851814173308e+02
-1.796506259741855445e+02
-1.796506259737273297e+02
-1.796506259734404694e+02
-1.796519851800889001e+02
-1.796519851811827948e+02
-1.796519851838668842e+02
-1.796506259741030078e+02
-1.796506259737272160e+02
-1.796519851830443031e+02
-1.796506259741854592e+02
-1.796519851814174160e+02
-1.796506259742560587e+02
-1.796506259741856013e+02
-1.796506259742282623e+02
-1.796519851800889001e+02
-1.796506259742557461e+02
-1.796506259742558314e+02
-1.796506259742558598e+02
-1.796506259737271307e+02
-1.796506259741854024e+02
-1.796519851853178409e+02
-1.796506259731608850e+02
-1.796519851811828516e+02
-1.796506259742280065e+02
-1.796506259742536997e+02
-1.796521179966771626e+02
-1.796521179956527021e+02
-1.796521179967198520e+02
-1.796521179956528158e+02
-1.796534772039090342e+02
-1.796534772067060146e+02
-1.796534772055360349e+02
-1.796521179956526737e+02
-1.796521179967197952e+02
-1.796521179959319454e+02
-1.796521179967453747e+02
-1.796521179959320875e+02
-1.796521179959321728e+02
-1.796521179966773332e+02
-1.796521179965949671e+02
-1.796521179967199942e+02
-1.796521179959323433e+02
-1.796534772025810298e+02
-1.796521179967458863e+02
-1.796521179967459148e+02
-1.796534772039093184e+02
-1.796521179967479611e+02
-1.796521179967456305e+02
-1.796521179959322012e+02
-1.796534772078097433e+02
-1.796521179966772763e+02
-1.796521179967198805e+02
-1.796521179967478474e+02
-1.796521179967478474e+02
-1.796521179962190615e+02
-1.796534772039091195e+02
-1.796521179966772479e+02
-1.796534772025808593e+02
-1.796521179967477337e+02
-1.796521179967197384e+02
-1.796521179967456590e+02
-1.796521179967197952e+02
-1.796521179962190047e+02
-1.796521179967456590e+02
-1.796534772039090626e+02
-1.796534772025342477e+02
-1.796521179959320023e+02
-1.796521179967477337e+02
-1.796521179965948818e+02
-1.796519851811827380e+02
-1.796519851814170750e+02
-1.796519851853176988e+02
-1.796519851853177272e+02
-1.796506259731607429e+02
-1.796519851853176135e+02
-1.796506259742557177e+02
-1.796506259737270454e+02
-1.796506259731607145e+02
-1.796506259742277791e+02
-1.796506259741852887e+02
-1.796519851800424306e+02
-1.796506259734402704e+02
-1.796506259741852887e+02
-1.796506259737270454e+02
-1.796506259741852602e+02
-1.796506259741028941e+02
-1.796519851842142259e+02
-1.796506259741030078e+02
-1.796506259737271023e+02
-1.796506259731608282e+02
-1.796519851811827095e+02
-1.796519851800889001e+02
-1.796506259737271023e+02
-1.796506259741028089e+02
-1.796506259737269886e+02
-1.796506259731607997e+02
-1.796506259737270454e+02
-1.796506259741853171e+02
-1.796506259741028941e+02
-1.796519851811826527e+02
-1.796506259734400999e+02
-1.796506259742558029e+02
-1.796519851842142259e+02
-1.796506259742537281e+02
-1.796506259741852318e+02
-1.796519851838667421e+02
-1.796519851853176704e+02
-1.796506259742278928e+02
-1.796506259731607429e+02
-1.796506259734401851e+02
-1.796506259741028373e+02
-1.796506259742556892e+02
-1.796506259737269318e+02
-1.796521179965947965e+02
-1.796521179962189194e+02
-1.796521179967455737e+02
-1.796521179967197384e+02
-1.796534772055360349e+02
-1.796534772039090342e+02
-1.796521179962190047e+02
-1.796534772078096296e+02
-1.796521179966772479e+02
-1.796534772025808593e+02
-1.796521179962190047e+02
-1.796521179967456305e+02
-1.796521179967478758e+02
-1.796521179962191184e+02
-1.796521179965949102e+02
-1.796534772025344182e+02
-1.796521179966773332e+02
-1.796521179956528727e+02
-1.796521179966773616e+02
-1.796521179967458295e+02
-1.796534772055361771e+02
-1.796521179967478474e+02
-1.796521179956526737e+02
-1.796534772025808024e+02
-1.796534772025808593e+02
-1.796521179962190331e+02
-1.796521179962190331e+02
-1.796521179967478190e+02
-1.796521179967457726e+02
-1.796521179967478758e+02
-1.796534772039091763e+02
-1.796521179967457158e+02
-1.796521179965948818e+02
-1.796521179959320875e+02
-1.796534772025343045e+02
-1.796534772025808593e+02
-1.796534772063588150e+02
-1.796521179967479327e+02
-1.796521179967479043e+02
-1.796521179967479327e+02
-1.796521179966773900e+02
-1.796521179966773900e+02
-1.796521179956529295e+02
-1.796534772067063273e+02
-1.796521179966771626e+02
-1.796521179965947113e+02
-1.796521179967197384e+02
-1.796521179967456305e+02
-1.796521179962190047e+02
-1.796521179966772479e+02
-1.796521179967478758e+02
-1.796534772067062420e+02
-1.796521179967457726e+02
-1.796534772078098001e+02
-1.796534772025810014e+02
-1.796521179967197668e+02
-1.796521179956527590e+02
-1.796534772039091479e+02
-1.796521179962191468e+02
-1.796521179966773616e+02
-1.796521179967458011e+02
-1.796534772036748109e+02
-1.796534772067062988e+02
-1.796521179962191468e+02
-1.796534772067064125e+02
-1.796521179956530148e+02
-1.796519851838667705e+02
-1.796506259742557745e+02
-1.796506259742537566e+02
-1.796519851853177556e+02
-1.796506259742559450e+02
-1.796506259741853739e+02
-1.796519851830441610e+02
-1.796506259742559166e+02
-1.796519851842144249e+02
-1.796519851814173876e+02
-1.796519851838669695e+02
-1.796521179967197668e+02
-1.796534772055361771e+02
-1.796521179959322012e+02
-1.796521179967199089e+02
-1.796521179967478758e+02
-1.796521179967199657e+02
-1.796521179956528158e+02
-1.796521179959321728e+02
-1.796534772039092331e+02
-1.796521179959323149e+02
-1.796521179956529295e+02
-1.796519851811827380e+02
-1.796519851853178693e+02
-1.796506259742559735e+02
-1.796506259742538703e+02
-1.796506259742560303e+02
-1.796519851800426579e+02
-1.796506259741031215e+02
-1.796506259737273297e+02
-1.796519851800890990e+02
-1.796519851800890706e+02
-1.796506259734403841e+02
-1.796521179956526737e+02
-1.796534772078095727e+02
-1.796521179967456590e+02
-1.796521179962189763e+02
-1.796521179959321444e+02
-1.796521179962190331e+02
-1.796521179962190615e+02
-1.796521179962190899e+02
-1.796521179965948249e+02
-1.796521179967456874e+02
-1.796521179967456021e+02
-1.796521179956526737e+02
-1.796521179962189763e+02
-1.796534772067060715e+02
-1.796521179962189194e+02
-1.796521179967475916e+02
-1.796521179956525600e+02
-1.796534772078094022e+02
-1.796521179967454600e+02
-1.796521179967474211e+02
-1.796521179956523895e+02
-1.796521179966767932e+02
-1.796519851842142259e+02
-1.796519851830442462e+02
-1.796506259742558882e+02
-1.796519851800889569e+02
-1.796506259742558598e+02
-1.796506259741853455e+02
-1.796519851800424306e+02
-1.796519851853177556e+02
-1.796506259734401851e+02
-1.796506259731608282e+02
-1.796519851811827095e+02
