0.000000000000000000e+00 0.000000000000000000e+00 0.000000000000000000e+00
-4.088687265169738794e+00 2.309610410959873761e+01 5.519842881501245913e+00
7.882725020326990517e-01 2.790865701477467553e+01 -5.539306697806857471e+00
5.536549100307098570e+00 5.197141980813549367e+01 5.519842881501242360e+00
4.474728702888482346e+00 6.068037879397971324e+01 -4.440892098500626162e-15
8.402561709969688764e+00 6.164703740074093474e+01 -3.584403173862506620e+00
1.054219204029801205e+01 3.753376224762024549e+01 -5.539306697806857471e+00
2.419177379244748138e+01 5.293807870364985746e+01 1.105914991108259215e+01
2.507655896810468121e+01 6.640907794615699800e+01 1.853389664830268657e+01
2.894005068282471171e+01 7.700084186276461651e+01 2.211829982216519142e+01
2.794257157808896253e+01 7.608469549063687509e+01 2.763814270366643910e+01
0.000000000000000000e+00 0.000000000000000000e+00 0.000000000000000000e+00
-9.721748743459682984e+00 -1.443765808989602561e+01 9.104245723589251327e+00
-7.839484905982310181e+00 -5.051231163435687677e-02 1.105914924753360395e+01
-4.909130709603713782e+00 -2.131628207280300558e-14 2.016339530289735293e+01
-2.962525134919376413e+00 4.762040016035268053e+00 -3.552713678800500929e-15
4.812618037073061572e+00 1.443765760864070025e+01 -1.105915057463159457e+01
1.882263841016152739e+00 1.438714524888082913e+01 -1.954904519267845586e+00
-5.005643087586594042e+00 1.443765760864070202e+01 -1.105915057463159457e+01
-4.008163983944669440e+00 1.535380414439521246e+01 -5.539307029581353348e+00
5.761744504576679304e+00 1.828355161830225484e+01 3.584402510313505985e+00
4.844788828661670266e+00 9.625105232845525549e+00 -1.954904519267847363e+00
0.000000000000000000e+00 0.000000000000000000e+00 0.000000000000000000e+00
-3.815139079096525165e+00 -1.352151131351388713e+01 -3.869729294652353957e+01
-3.782968283969165846e+00 -1.833406421868985348e+01 -2.959304689115979059e+01
-8.526140879122836580e-01 -1.828355185893000368e+01 -3.869729294652353957e+01
-8.724269641426374733e+00 -1.352151131351394220e+01 -4.065219647046789220e+01
-8.724269641426376509e+00 -1.352151131351395108e+01 -4.065219647046789220e+01
-5.826086089362464193e+00 -8.658446626084451481e+00 -1.853389664830270078e+01
4.088687413280023719e+00 -2.309610423472521745e+01 -4.975644219405714352e+01
5.102155616060358057e+00 -2.887531569853686619e+01 -3.511288977266104183e+01
4.024345826885755706e+00 -1.347099900187964039e+01 -2.763814237189195211e+01
3.992175035297148789e+00 -8.658446626084476350e+00 -1.853389664830270078e+01
0.000000000000000000e+00 0.000000000000000000e+00 0.000000000000000000e+00
1.463087930932831071e+01 1.443765756051520555e+01 -1.105915024285709514e+01
1.456653772293402405e+01 2.406276279336077195e+01 -1.105915024285709691e+01
4.683935011880121735e+00 3.368786802620634546e+01 -1.105915024285709691e+01
1.749689191899091156e+01 2.411327515312059688e+01 -2.016339629822084589e+01
1.258776150393500970e+01 2.411327515312059688e+01 0.000000000000000000e+00
1.255559070912934061e+01 2.892582801017100280e+01 -9.104245723589253103e+00
4.716105803147012665e+00 2.887531569853664948e+01 1.954903523944347299e+00
7.517776826737089912e+00 4.817603847586218535e+01 1.105914957930809628e+01
1.236256594994656055e+01 5.780114370870775531e+01 1.301405409857593831e+01
2.805526580171541440e+01 6.352984262025742623e+01 7.474747068994583188e+00
0.000000000000000000e+00 0.000000000000000000e+00 0.000000000000000000e+00
-2.075288596660165297e+00 1.448816992027509443e+01 -1.954903523944350852e+00
-1.126161981882627394e+00 1.833406392993665435e+01 -1.659845627711495553e+01
3.863491714720043824e+00 1.059176391660763983e+01 -1.853389664830269368e+01
1.258776135666109042e+01 2.411327515312066083e+01 -2.211829982216519497e+01
1.941132669886956919e+01 3.368786802620636678e+01 9.104246055363748980e+00
2.214865613574365710e+01 6.261369608450301172e+01 0.000000000000000000e+00
2.208431454934937932e+01 7.223880131734857457e+01 8.881784197001252323e-16
2.702561605054172489e+01 6.742624894155339632e+01 -1.105914924753360395e+01
2.409526170688921454e+01 6.737573662991903234e+01 -2.407320334610954404e+01
3.677953558880709295e+01 7.705135417439895207e+01 -1.105914924753360395e+01
0.000000000000000000e+00 0.000000000000000000e+00 0.000000000000000000e+00
5.037813735118348291e+00 -1.925021046569123939e+01 1.954904519267840257e+00
2.760469032776843079e+01 -1.919969810593138249e+01 1.105915024285709158e+01
3.347912905275438789e+01 -1.347099887675324226e+01 1.659845694066394373e+01
4.226774028108970782e+01 -9.574592873085819633e+00 -9.104246055363756085e+00
4.811000806611935587e+01 9.666588955142891848e-01 -1.657899279258385050e+01
4.804566647972509230e+01 1.059176412835987691e+01 -1.657899279258385050e+01
5.295479733660273780e+01 1.059176412835987335e+01 -2.570270233247871161e+01
4.799731443268244391e+01 1.352151160226689441e+01 -2.570270233247871161e+01
5.192514743815512190e+01 1.448817044965575818e+01 -2.211829982216520563e+01
4.899479324177652728e+01 1.443765813802141551e+01 -3.122254587752895461e+01
0.000000000000000000e+00 0.000000000000000000e+00 0.000000000000000000e+00
7.775143171992455748e+00 9.675617592605412653e+00 -1.105915057463159101e+01
-9.651238152162999739e-02 1.443765813802149545e+01 9.104245723589254879e+00
-1.126162278360685498e+00 1.833406421868976821e+01 5.519842549726751812e+00
3.766979038650610789e+00 2.502942205462913705e+01 5.519842549726751812e+00
2.640817202948104736e+00 4.336348614819258529e+01 2.211829982216519852e+01
7.485606031609747468e+00 5.298859138103816235e+01 2.016339530289735649e+01
4.619593421625393326e+00 4.331297383655823552e+01 1.105914924753360751e+01
1.236256594962484634e+01 5.780114375683333350e+01 9.104245723589256656e+00
1.833351705471694970e+01 4.909218505974225621e+01 1.657899279258384695e+01
2.705778669453472673e+01 6.261369661388372521e+01 2.016339530289735649e+01
0.000000000000000000e+00 0.000000000000000000e+00 0.000000000000000000e+00
9.653083123750789696e-01 5.728698863424144250e+00 -2.570270233247870451e+01
3.831321069311610650e+00 1.540431645602958000e+01 -1.659845660888944963e+01
8.772622275956107885e+00 1.059176408023440707e+01 -2.765760685174654299e+01
5.938780461099154806e+00 -3.896406369421482552e+00 -2.765760685174654299e+01
1.578921237702567382e+01 -8.708958697091121692e+00 -1.464355308494510055e+01
1.878390815979850004e+01 -1.828355161830238274e+01 -5.539307029581351571e+00
1.978138726453421725e+01 -1.736740524617466974e+01 -1.105914991108259926e+01
1.097659419621744448e+01 -2.314661683511270240e+01 -2.570270233247870806e+01
1.582138317215299494e+01 -1.352151160226712534e+01 -5.539307029581358677e+00
1.084791102342891200e+01 -3.896406369421541172e+00 -3.584402510313516643e+00
0.000000000000000000e+00 0.000000000000000000e+00 0.000000000000000000e+00
4.732095047950826583e+00 2.217995793959818585e+01 0.000000000000000000e+00
1.857470155928308486e+01 8.708958697091013335e+00 1.659845627711495553e+01
1.558000577683192311e+01 1.828355157017672283e+01 2.570270233247870451e+01
1.958816961318096261e+01 2.929747473906939348e+00 3.124200936206005608e+01
2.048913633916175669e+01 1.828355157017667665e+01 2.765760685174654654e+01
4.012565858848102351e+01 1.828355157017664112e+01 2.765760685174654654e+01
4.302384213700617011e+01 2.314661678698693237e+01 2.765760685174654654e+01
3.817905301379668259e+01 1.352151155414132688e+01 2.570270233247870451e+01
3.534521119893971530e+01 -9.666588955145680728e-01 2.570270233247870451e+01
4.318469610460034858e+01 -9.161465357547071697e-01 1.464355275317060112e+01
0.000000000000000000e+00 0.000000000000000000e+00 0.000000000000000000e+00
8.772622277049881845e+00 1.059176391660764516e+01 -1.657899312435834105e+01
7.742972380725550607e+00 1.448816992027508022e+01 -2.016339629822084234e+01
1.374609413122611734e+01 9.666586837620396722e-01 -2.570270299602769626e+01
9.721748746998482460e+00 1.443765756051519666e+01 -3.122254554575444629e+01
1.849437102263285837e+01 2.502942168887517482e+01 -3.676185257533579431e+01
1.954000987165812120e+01 1.443765756051519134e+01 -3.122254554575444274e+01
2.333915970402057738e+01 3.465452692172075899e+01 -2.763814303544093320e+01
2.731515304365056807e+01 2.411327515312063952e+01 -2.016339629822083879e+01
1.947566828526386118e+01 2.406276279336076485e+01 -3.122254554575444274e+01
9.721748746998494894e+00 1.443765756051515936e+01 -3.122254554575444274e+01
0.000000000000000000e+00 0.000000000000000000e+00 0.000000000000000000e+00
-1.914434632283055215e+00 -9.574592921211269925e+00 1.105915057463159101e+01
-4.844788975935569120e+00 -9.625105232845617920e+00 2.016339629822084234e+01
1.278078611584390600e+01 -4.762040545416112991e+00 2.211829982216519497e+01
1.374609442577396479e+01 9.666586837620201322e-01 2.570270299602769626e+01
2.962524991184270817e+00 -4.762040545416137860e+00 2.211829982216519497e+01
-1.199006210251972959e+01 2.892582801017104899e+01 -1.105914924753360040e+01
-2.203971769448676454e+00 3.373838038596620237e+01 -1.954903523944349075e+00
-2.171800977860085524e+00 2.892582801017103833e+01 1.105915057463158746e+01
-2.203971769448675566e+00 3.373838038596620237e+01 2.016339629822083879e+01
8.579597223319282762e+00 3.946707961514435681e+01 3.869729294652352536e+01
0.000000000000000000e+00 0.000000000000000000e+00 0.000000000000000000e+00
4.716105803147024211e+00 2.887531569853671343e+01 2.016339629822084589e+01
7.485606182422421817e+00 5.298859085165739913e+01 2.016339629822084589e+01
1.348872808019690694e+01 3.946707961514438523e+01 3.584403173862504843e+00
1.249124897546116486e+01 3.855093324301665092e+01 9.104246055363750756e+00
1.740037968506490174e+01 3.855093324301663671e+01 -1.105914924753360573e+01
7.614289355210939192e+00 3.373838038596620237e+01 -1.954903523944354404e+00
9.560894779082573791e+00 3.850042093138228694e+01 -2.664535259100375697e-15
3.654285113110828043e+00 3.758427439562775874e+01 1.464355308494509700e+01
4.683935011880132393e+00 3.368786802620633125e+01 1.105915057463158746e+01
1.833351676158461174e+01 4.909218484798992677e+01 3.869729294652353246e+01
0.000000000000000000e+00 0.000000000000000000e+00 0.000000000000000000e+00
-8.949465486423850535e+00 2.016635671269253294e+01 5.519842881501245913e+00
3.670466661504157457e+00 3.946707953814357950e+01 -3.584403173862506620e+00
3.766979039487013292e+00 2.502942192950281708e+01 5.519842881501242360e+00
-5.102155616060448651e+00 2.887531569853670987e+01 -9.123709871669364091e+00
-1.174322167157455077e+00 2.984197430529794204e+01 -5.539306697806861024e+00
8.366248431084430948e-01 2.497890961786843533e+01 -3.584403173862509284e+00
8.547426576302246559e+00 4.427963239519395700e+01 7.474747400769081729e+00
2.044097630116083053e+01 2.979146194553807447e+01 2.763814270366643200e+01
1.059054438137380316e+01 3.460401485071400884e+01 1.853389664830267947e+01
8.579597371107903214e+00 3.946707953814350844e+01 3.869729294652352536e+01
0.000000000000000000e+00 0.000000000000000000e+00 0.000000000000000000e+00
1.091225260789296314e+01 -1.352151131351386582e+01 -1.853389664830269368e+01
1.582138317022280205e+01 -1.352151131351386582e+01 -3.869729294652353246e+01
1.868739578020713310e+01 -3.845893769033960297e+00 -2.959304689115978348e+01
2.557530270848817011e+01 -3.896406080668307848e+00 -6.081559276868873098e+01
2.557530270848814524e+01 -3.896406080668302963e+00 -6.081559276868873098e+01
2.953530680331432734e+01 -7.742300090329866435e+00 -5.529574922363848799e+01
2.850565690486669723e+01 -3.845893769033966070e+00 -5.171134671332497845e+01
3.344695840927612807e+01 -8.658446626084398190e+00 -4.065219647046788509e+01
3.341478761447046963e+01 -3.845893769033990495e+00 -4.975644219405713642e+01
3.341478761447048385e+01 -3.845893769034022913e+00 -4.975644219405713642e+01
0.000000000000000000e+00 0.000000000000000000e+00 0.000000000000000000e+00
-8.526142351861629720e-01 -1.828355185892997881e+01 1.657899312435834105e+01
-3.686456200855806387e+00 -3.277172177920512297e+01 1.657899312435834105e+01
-3.654285405728426195e+00 -3.758427468438107155e+01 7.474747400769087946e+00
2.251955523799211711e-01 -3.368786831495964407e+01 1.935440371187738151e+00
8.997817681062075579e+00 -2.309610423472520679e+01 -1.464355242139610880e+01
5.118336869905920850e+00 -2.699251055602114491e+01 -2.018285945097746037e+01
8.997817681062061368e+00 -2.309610423472524587e+01 -1.464355242139611057e+01
1.875173721932743121e+01 -1.347099900187965282e+01 -1.464355242139611235e+01
1.493659799456555426e+01 -2.699251055602115912e+01 1.935440371187727493e+00
2.869868151677557933e+01 -3.272120946757085136e+01 7.474747400769077288e+00
0.000000000000000000e+00 0.000000000000000000e+00 0.000000000000000000e+00
9.786090331462483860e+00 4.812552616422781426e+00 -1.935440371187747033e+00
1.065488596969829693e+01 2.497890932911532857e+01 3.584402510313498880e+00
1.830134611617613061e+01 5.390473738741196286e+01 -7.474747068994602728e+00
1.450219584006168283e+01 3.368786831495953038e+01 -1.105915024285710579e+01
1.941132669693933366e+01 3.368786831495953038e+01 -1.935440371187748809e+00
2.333915970402055962e+01 3.465452692172074478e+01 -5.519843545050250988e+00
1.955619112357334188e+01 1.632046299178408333e+01 9.123709539894850451e+00
5.777926198635348953e+00 2.016635700144561838e+01 1.464355275317059402e+01
5.713584612241103144e+00 2.979146223429120610e+01 1.464355275317059402e+01
1.843002928896467196e+01 3.465452692172071636e+01 1.464355275317059402e+01
0.000000000000000000e+00 0.000000000000000000e+00 0.000000000000000000e+00
5.826086238566565711e+00 8.658446337331186626e+00 3.584402510313505985e+00
8.847848811093514954e-01 1.347099924250712988e+01 1.464355275317060112e+01
4.844788681387725227e+00 9.625105232845566405e+00 9.123709539894857556e+00
1.363340034942152101e+01 1.352151155414145300e+01 2.765760685174654299e+01
1.453436663325883771e+01 2.887531569853670987e+01 5.336030918422524394e+01
9.544712936141419135e+00 3.661761578886653012e+01 5.529574922363848088e+01
1.340820479865013226e+01 4.720937962847335001e+01 5.888015239750098573e+01
1.447002504686457414e+01 3.850042093138226562e+01 5.336030918422524394e+01
1.054219204171358903e+01 3.753376203586786630e+01 4.977590667391173440e+01
1.344037559023871964e+01 4.239682725267814334e+01 4.977590667391173440e+01
0.000000000000000000e+00 0.000000000000000000e+00 0.000000000000000000e+00
-2.092066021239560314e-01 2.699251055602099569e+01 -1.105915024285709514e+01
8.659928053423513461e+00 2.314661678698706382e+01 3.584402510313507761e+00
1.063870441937473643e+01 2.309610447535272115e+01 3.676185257533579431e+01
1.459870821965309773e+01 1.925021046569115413e+01 9.123709539894857556e+00
1.067087521450211796e+01 1.828355157017676547e+01 5.539307029581346242e+00
9.625236365476830258e+00 2.887531569853673119e+01 2.211829982216518431e+01
1.538698101764912707e+01 4.715886726871352153e+01 3.584402510313495327e+00
4.754692303369645145e+01 8.089724818406060081e+01 3.584402510313494439e+00
5.245605374330019544e+01 8.089724818406060081e+01 5.539307029581336472e+00
4.352257764863239942e+01 9.436824718594012040e+01 -1.935440371187751474e+00
0.000000000000000000e+00 0.000000000000000000e+00 0.000000000000000000e+00
3.911651604868012555e+00 -9.161463721277307570e-01 7.474747400769087946e+00
9.169556748212328579e-01 8.658446549083528510e+00 1.657899312435834105e+01
9.169556748212288610e-01 8.658446549083532062e+00 1.657899312435834105e+01
-5.118336869391220567e+00 2.699251047902018641e+01 2.405374019335293312e+01
4.651763922204925628e+00 3.850042093138236510e+01 3.511288977266103473e+01
9.593065572794468920e+00 3.368786823795872465e+01 2.405374019335293667e+01
1.453436663325885192e+01 2.887531569853677738e+01 3.511288977266103473e+01
1.340820479755635120e+01 4.720937979210022206e+01 2.959304722293428469e+01
1.337603400596775494e+01 5.202193216789537900e+01 1.657899312435834105e+01
2.309778274942746634e+01 6.645959025779137619e+01 7.474747400769087946e+00
0.000000000000000000e+00 0.000000000000000000e+00 0.000000000000000000e+00
5.954769705902927868e+00 -1.059176412835999415e+01 -2.570270233247870451e+01
1.870338517389337341e+01 -1.054125176860012303e+01 -1.659845660888945318e+01
2.842513391735307593e+01 3.896406321295886599e+00 -3.584402510313513091e+00
2.836079233095882302e+01 1.352151155414147077e+01 -3.584402510313513091e+00
2.826427995297597917e+01 2.795916916278218523e+01 5.519843213275740013e+00
4.994392000768853279e+01 1.828355157017670862e+01 -5.539307029581355124e+00
4.991174921256113350e+01 2.309610447535266076e+01 7.474746737220087311e+00
3.521652832069907646e+01 1.828355157017666954e+01 -3.584402510313516643e+00
4.292732990629723844e+01 3.758427439562771610e+01 2.959304655938527873e+01
4.283081752509728801e+01 5.202193248552372040e+01 3.869729261474903126e+01
0.000000000000000000e+00 0.000000000000000000e+00 0.000000000000000000e+00
-5.970950958911970474e+00 8.708958860717809003e+00 -7.474747068994592070e+00
-1.387477730401463560e+01 1.828355178192905584e+01 -1.853389664830269368e+01
-4.120857765749263990e+00 2.790865701477463290e+01 -4.065219647046788509e+01
-5.102155026964757312e+00 2.887531569853670632e+01 -3.511288977266103473e+01
-8.965646741684821563e+00 1.828355178192904162e+01 -3.869729294652353957e+01
-1.482390377151822847e+01 1.443765777226747815e+01 -3.317744940147329658e+01
-2.573615638101972891e+01 2.795916932640896135e+01 -2.959304689115978704e+01
-2.873085216379258711e+01 3.753376224762020286e+01 -3.869729294652353246e+01
-2.391823397912391513e+01 5.197141980813539419e+01 -2.763814237189194145e+01
-2.111656280858163370e+01 7.127214263358644075e+01 -1.853389664830268657e+01
0.000000000000000000e+00 0.000000000000000000e+00 0.000000000000000000e+00
-9.995296933586454102e+00 2.217995793959820716e+01 9.123709539894859333e+00
9.169556762367445657e-01 8.658446337331199061e+00 5.539307029581349795e+00
-6.067463486292011154e+00 2.314661678698706737e+01 -1.657899279258384695e+01
8.563415675440671393e+00 3.758427439562782268e+01 -5.519843545050246547e+00
3.654285260384770417e+00 3.758427439562782268e+01 -7.474747068994598287e+00
5.568719892989521192e+00 4.715886726871354995e+01 3.584402510313499768e+00
5.568719892989499876e+00 4.715886726871353574e+01 3.584402510313498880e+00
5.504378306595234527e+00 5.678397250155912701e+01 3.584402510313497991e+00
1.327952162586158025e+01 6.645959009416456809e+01 1.464355275317059224e+01
2.016742840719041396e+01 6.640907773440470407e+01 5.539307029581339137e+00
0.000000000000000000e+00 0.000000000000000000e+00 0.000000000000000000e+00
1.456653757533841187e+01 2.406276284148631461e+01 3.317744906969878826e+01
2.142227370881377269e+01 2.882480338690238142e+01 1.105914924753359330e+01
2.530175437430455432e+01 3.272120946757061688e+01 5.519842549726739378e+00
2.623489189348247308e+01 4.326246094741756565e+01 -1.065814103640150279e-14
3.388135189268639635e+01 7.218828900571418217e+01 1.105914924753359330e+01
3.475014782353979115e+01 9.235464600715985739e+01 1.657899279258383274e+01
3.478231861622219157e+01 8.754209346773789946e+01 1.464355242139609459e+01
3.866179942950160608e+01 9.143849947140532208e+01 9.104245723589240669e+00
3.478231861622218446e+01 8.754209346773787104e+01 1.464355242139609459e+01
3.866179942950159187e+01 9.143849947140526524e+01 3.122254554575443564e+01
0.000000000000000000e+00 0.000000000000000000e+00 0.000000000000000000e+00
9.169556762367392366e-01 8.658446337331207943e+00 -1.657899279258384695e+01
8.526140898424756642e-01 1.828355157017680455e+01 -1.657899279258384695e+01
-4.153028854008983473e+00 3.272120970819833730e+01 -2.763814336721543796e+01
3.718626846779011785e+00 2.795916916278224207e+01 -2.959304689115978704e+01
4.844788681387715457e+00 9.625105232845562853e+00 -3.511289010443552883e+01
3.718626846779024220e+00 2.795916916278219588e+01 -2.959304689115978704e+01
-4.024345681220452775e+00 1.347099924250708547e+01 -4.975644318938062582e+01
-2.092066021239524787e-01 2.699251055602094951e+01 -3.317745006502228478e+01
-1.254845449218965125e+00 3.758427439562775163e+01 -2.763814336721543086e+01
-1.287016244024635547e+00 4.239682725267815755e+01 -1.853389731185168188e+01
0.000000000000000000e+00 0.000000000000000000e+00 0.000000000000000000e+00
-3.026866577578536166e+00 1.438714577826165808e+01 8.881784197001252323e-16
1.817922398357017855e+00 2.401225101110723870e+01 2.016339629822084589e+01
-3.219891336761321554e+00 4.326246147679842124e+01 3.552713678800500929e-15
5.520559853058335520e+00 5.866677793282802611e+01 1.464355308494510410e+01
1.537099177040037468e+01 5.385422539340606107e+01 -5.539306697806850366e+00
1.424482993469786685e+01 7.218828948696949510e+01 -1.105914924753360040e+01
2.509274051598335120e+01 6.829188316567359607e+01 -5.171134638155048435e+01
2.003874523247167616e+01 8.565928848884901470e+01 -4.977590634213724741e+01
2.890787988801913500e+01 8.181339471981506506e+01 -5.725065341113184303e+01
2.007091602566877597e+01 8.084673587242617998e+01 -5.171134638155049146e+01
0.000000000000000000e+00 0.000000000000000000e+00 0.000000000000000000e+00
3.863491860900212238e+00 1.059176408023440352e+01 -2.570270233247870451e+01
8.643939103167582516e+00 2.984197454592558074e+01 -2.765760685174654654e+01
1.445403609660863786e+01 4.519577869032084294e+01 -4.423659964433039704e+01
-5.198667406556127801e+00 4.331297354780507192e+01 -3.317744973324779778e+01
4.796628937419940897e+00 2.113301568520769891e+01 -4.230115960491715299e+01
-8.917294398678807354e+00 1.535380409626966269e+01 -6.993930197680910510e+01
-1.102475393774026458e+01 3.465452692172070215e+01 -5.888015272927550825e+01
-9.078148366594714247e+00 3.941656746713677961e+01 -6.083505625321986088e+01
5.681414115522118280e+00 3.460401456196083103e+01 -4.977590667391176282e+01
4.635774971949020440e+00 4.519577869032080741e+01 -6.635489946649560977e+01
0.000000000000000000e+00 0.000000000000000000e+00 0.000000000000000000e+00
1.569269999936448379e+01 5.728698863424140697e+00 -5.539307029581353348e+00
1.862305419542137486e+01 5.779211223183983392e+00 -1.464355308494510588e+01
1.081574022830155002e+01 9.161465357544766874e-01 -1.659845660888945673e+01
1.081574022830156245e+01 9.161465357544766874e-01 -1.659845660888945673e+01
2.350001411021947106e+01 1.059176408023439286e+01 -3.584402510313520196e+00
1.949185012627480873e+01 2.594556822462966750e+01 1.299459028227032320e+01
1.945967933256294202e+01 3.075812091805329018e+01 1.105914991108258505e+01
1.339221584839418711e+01 5.390473738741191312e+01 5.519843213275731131e+00
7.079419667979962583e-01 4.422911979480642231e+01 1.853389731185167122e+01
-4.233359390659199306e+00 4.904167269998234246e+01 2.959304655938527162e+01
0.000000000000000000e+00 0.000000000000000000e+00 0.000000000000000000e+00
8.643939103167543436e+00 2.984197454592563403e+01 1.657899279258384340e+01
8.740451484367477875e+00 1.540431645602961552e+01 7.474746737220094417e+00
4.828799731131751649e+00 1.632046299178411530e+01 2.211829982216519497e+01
-1.608539659856385029e-01 2.406276308211395332e+01 2.405373986157843547e+01
7.401127580648756421e-01 3.941656746713683646e+01 2.763814303544094031e+01
-4.265530181926089348e+00 5.385422502765206332e+01 1.657899279258384695e+01
3.509613137340247491e+00 6.352984262025749018e+01 2.763814303544094031e+01
3.445271550945998129e+00 7.315494785310308146e+01 2.763814303544094031e+01
-1.560371539857676737e+00 8.759260594299908576e+01 1.657899279258384695e+01
5.327535388423365603e+00 8.754209363136473598e+01 2.959304655938528938e+01
0.000000000000000000e+00 0.000000000000000000e+00 0.000000000000000000e+00
1.376208366948396744e+01 -5.728698911549728656e+00 -2.765760685174654299e+01
9.769909077617006332e+00 2.929747473906975763e+00 -3.124200936206005252e+01
9.769909077616983240e+00 2.929747473906978428e+00 -3.124200936206005252e+01
1.369774208308965235e+01 3.896406321295820430e+00 -2.765760685174654299e+01
2.058564901137068759e+01 3.845894009661459556e+00 -1.464355308494510055e+01
2.068216139289232913e+01 -1.059176412836010428e+01 -5.539307029581351571e+00
1.962034099547372534e+01 -1.882805142515907804e+00 -1.105914991108259926e+01
1.360122970510679075e+01 1.833406392993649092e+01 -1.464355308494510055e+01
9.576884318434158772e+00 3.180506317244361725e+01 -9.123709539894859333e+00
2.048913663370953486e+01 1.828355157017657007e+01 -5.539307029581351571e+00
0.000000000000000000e+00 0.000000000000000000e+00 0.000000000000000000e+00
5.986940497169780606e+00 -1.540431645602965105e+01 2.763814303544094031e+01
5.954769705902906551e+00 -1.059176412836005277e+01 4.065219713401688040e+01
8.852953254428065577e+00 -5.728698911549768624e+00 4.065219713401688040e+01
1.479173356793158689e+01 -9.625105232845681869e+00 5.723118992660072024e+01
2.348383241616076589e+01 8.708958697090979584e+00 2.959304655938528228e+01
2.351600320774935682e+01 3.896406321295807551e+00 3.869729261474903126e+01
2.058564901137075509e+01 3.845894009661450674e+00 2.959304655938528228e+01
2.552695036882797552e+01 -9.666588955145085649e-01 1.853389731185167832e+01
2.058564901137077641e+01 3.845894009661413371e+00 2.959304655938527873e+01
2.951912496037320821e+01 -9.625105232845744041e+00 4.423659964433038283e+01
0.000000000000000000e+00 0.000000000000000000e+00 0.000000000000000000e+00
1.078356914248684362e+01 5.728698863424103394e+00 3.584402510313507761e+00
1.871956642613032074e+01 -8.658446385456798566e+00 5.539307029581349795e+00
1.582138287760519191e+01 -1.352151160226710402e+01 5.539307029581349795e+00
2.478702991242234077e+01 -3.180506317244389436e+01 2.211829982216519142e+01
2.576832717505335779e+01 -3.277172206795828657e+01 2.765760685174654299e+01
3.048443297820038822e+01 -3.896406369421523408e+00 2.570270233247870095e+01
3.825957629746675082e+01 5.779211223183931878e+00 1.464355275317059757e+01
2.551096082947631771e+01 5.728698863424053656e+00 5.539307029581344466e+00
1.852654166694755844e+01 2.021686931307993973e+01 5.539307029581342690e+00
2.443315118673919173e+01 2.113301568520767049e+01 -1.935440371187746145e+00
0.000000000000000000e+00 0.000000000000000000e+00 0.000000000000000000e+00
-8.965646741684841103e+00 1.828355178192909491e+01 5.539306697806854807e+00
-9.029988328079097570e+00 2.790865701477468264e+01 -1.657899312435834105e+01
-8.997817532951717823e+00 2.309610410959873050e+01 -7.474747068994592070e+00
3.654285406564868666e+00 3.758427455925457394e+01 -7.474747068994592958e+00
-2.735475989078279824e-01 3.661761571186568176e+01 1.105915024285708981e+01
3.525602233776324645e+00 5.683448502494572097e+01 1.464355275317059757e+01
5.952480373977051542e-01 5.678397271331134277e+01 5.539306697806848589e+00
-4.665723580906560031e-01 6.549293141040242006e+01 1.105915024285708981e+01
1.408397611759460943e+01 9.625105232845578485e+01 -1.299458995049584686e+01
1.793128613606834776e+01 1.049600111891736418e+02 -5.519842549726758918e+00
0.000000000000000000e+00 0.000000000000000000e+00 0.000000000000000000e+00
1.284512770223817313e+01 -1.438714577826168295e+01 8.881784197001252323e-16
1.485607485977798348e+01 -1.925021046569120031e+01 2.016339629822084589e+01
1.881607866005633412e+01 -2.309610447535276023e+01 1.464355308494510233e+01
2.275990120488065571e+01 -2.882480338690245247e+01 3.122254587752894395e+01
8.000338873576524179e+00 -2.401225101110729909e+01 2.016339629822084234e+01
5.005642943851466242e+00 -1.443765813802157894e+01 1.105915057463158924e+01
4.973472148724106034e+00 -9.625105232845626801e+00 2.016339629822084234e+01
-4.780447389541269132e+00 -1.925021046569121097e+01 2.016339629822084234e+01
-7.239312101862678261e-01 -3.753376224762033075e+01 -5.539306697806853919e+00
7.968168078770873741e+00 -1.919969815405688607e+01 -1.105914924753360395e+01
0.000000000000000000e+00 0.000000000000000000e+00 0.000000000000000000e+00
-2.930354196056930149e+00 -5.051235975987422577e-02 9.104246055363748980e+00
3.217079158854119214e-02 -4.812552375795199566e+00 9.104246055363748980e+00
-2.833841818395796963e+00 -1.448816992027513706e+01 0.000000000000000000e+00
-6.750155989720951766e-14 -4.440892098500626162e-14 -2.211829982216519497e+01
-9.651238120000371623e-02 1.443765808989597055e+01 -3.513235358896664451e+01
-8.064680312696943076e+00 3.363735624395279444e+01 -2.407320334610955115e+01
1.721410020695806509e+00 3.844990857162240161e+01 -5.529574889186399389e+01
1.049403229633015933e+01 4.904167269998239220e+01 -3.871675609928015405e+01
1.657068434301535831e+00 4.807501380446799999e+01 -1.105914924753360751e+01
7.079419643529067940e-01 4.422912016056042717e+01 3.584403173862494185e+00
0.000000000000000000e+00 0.000000000000000000e+00 0.000000000000000000e+00
1.286831727885147103e-01 -1.925021046569117544e+01 0.000000000000000000e+00
2.139630186593196370e+00 -2.411327568250146669e+01 -1.954904519267842034e+00
1.286831727885102694e-01 -1.925021046569117544e+01 -1.776356839400250465e-15
-1.358524060596843341e+01 -2.502942192950284550e+01 5.519842549726742931e+00
-2.240602262505589692e+01 -2.411327568250148801e+01 -8.881784197001252323e-15
-1.950783907653076454e+01 -1.925021046569119321e+01 2.211829982216518431e+01
-2.259904738423868764e+01 4.762040016035282264e+00 2.211829982216518431e+01
-1.482390421224624433e+01 1.443765760864071090e+01 -1.105915057463160167e+01
-7.935997283643498434e+00 1.438714524888080959e+01 -1.954904519267852692e+00
1.882263841016136752e+00 1.438714524888080426e+01 -1.954904519267853580e+00
0.000000000000000000e+00 0.000000000000000000e+00 0.000000000000000000e+00
-1.598953986637763336e-02 6.695357835939386604e+00 1.299458995049583798e+01
-1.446727126549003373e-01 2.594556830163055494e+01 1.299458995049583798e+01
-6.051282085172617897e+00 2.502942192950282418e+01 2.763814270366643910e+01
-3.943822546432871334e+00 5.728699152177298970e+00 3.869729294652353246e+01
3.766979039487004854e+00 2.502942192950282063e+01 2.763814270366643910e+01
-3.975993337699765817e+00 1.054125147984691324e+01 2.959304722293428114e+01
-4.008164132827140236e+00 1.535380438502284051e+01 3.869729294652353246e+01
3.895662212275540881e+00 5.779211463811588345e+00 2.763814270366643910e+01
-5.037814029666192184e+00 1.925021046569108307e+01 3.511288977266102762e+01
8.687956382357899798e-01 2.016635671269244767e+01 4.975644252583163052e+01
0.000000000000000000e+00 0.000000000000000000e+00 0.000000000000000000e+00
-7.079415225312564175e-01 -4.422912016056052664e+01 3.584403173862501291e+00
-7.401123173369219543e-01 -3.941656730351012783e+01 -5.519842549726751812e+00
-1.049403185560228380e+01 -4.904167253635573331e+01 1.659845727243843783e+01
-1.352089857691594688e+01 -3.465452728747486333e+01 3.871675709460362214e+01
-5.810096991317750259e+00 -1.535380446202383098e+01 4.977590634213721899e+01
-1.065488581997936990e+01 -2.497890969486943646e+01 6.993930264035806488e+01
-1.062271502839075943e+01 -2.979146207066460050e+01 6.083505691676881355e+01
-8.740451187374599584e+00 -1.540431682178373407e+01 5.888015239750097152e+01
-8.676109600980336012e+00 -2.502942205462933245e+01 5.888015239750097152e+01
-5.713584613334855788e+00 -2.979146207066465024e+01 3.676185257533577300e+01
0.000000000000000000e+00 0.000000000000000000e+00 0.000000000000000000e+00
-7.807313963581052008e+00 -4.863065216810314340e+00 1.954904519267840257e+00
-1.759340429697379449e+01 -9.675617544479980126e+00 3.317745006502228478e+01
-1.756123350184640231e+01 -1.448817044965595358e+01 2.407320434143303345e+01
-1.759340429697377317e+01 -9.675617544480001442e+00 3.317745006502228478e+01
-1.271644452591081986e+01 -4.863065216810364078e+00 4.423659964433038283e+01
-7.839484758708382905e+00 -5.051231163441904926e-02 5.529574988718747619e+01
-2.256687644569784368e+01 -5.051231163441216587e-02 5.725065341113182882e+01
-1.768991667463492945e+01 4.762040016035234302e+00 6.830980398576342338e+01
-1.271644452591084828e+01 -4.863065216810358748e+00 8.847319928866076566e+01
-1.381043571652658208e+01 8.658446385456631589e+00 8.488879677834725612e+01
0.000000000000000000e+00 0.000000000000000000e+00 0.000000000000000000e+00
-9.946944297448165884e+00 1.925021046569116123e+01 0.000000000000000000e+00
-1.294164022717322737e+01 2.882480333877688139e+01 -9.104245723589253103e+00
-1.013996905663095127e+01 4.812552616422792084e+01 0.000000000000000000e+00
-1.992605938970200441e+01 4.331297378843274970e+01 -9.104245723589253103e+00
-2.477084851291147416e+01 3.368786855558714421e+01 -3.317745006502228478e+01
-2.967997892796735115e+01 3.368786855558710869e+01 -5.334084536791964126e+01
-2.275990135183284835e+01 2.882480333877681389e+01 -5.334084536791964126e+01
-2.477084851291144929e+01 3.368786855558708737e+01 -3.317745006502229188e+01
-2.275990135183284480e+01 2.882480333877676770e+01 -3.122254554575445695e+01
-1.986171780330770531e+01 3.368786855558705184e+01 -3.122254554575445695e+01
0.000000000000000000e+00 0.000000000000000000e+00 0.000000000000000000e+00
1.558000607137973148e+01 1.828355157017676191e+01 -2.570270233247870451e+01
2.536609640091199225e+01 2.309610447535268207e+01 -1.659845660888944963e+01
2.939044178758461356e+01 9.625105232845530878e+00 -2.211829982216519142e+01
2.943860212013337829e+01 -1.882805142515824315e+00 -3.317744973324779068e+01
3.037173934476344783e+01 8.658446337331117348e+00 -2.765760685174654299e+01
4.503478944535864770e+01 1.828355157017670507e+01 -2.570270233247870095e+01
5.004043238534960381e+01 3.845894009661458668e+00 -5.888015272927549404e+01
3.531304069836015458e+01 3.845894009661460444e+00 -6.083505625321984667e+01
4.413382271937786072e+01 2.929747473906921584e+00 -4.423659964433039704e+01
4.901078278305836733e+01 7.742300090329699458e+00 -5.529574955541299630e+01
0.000000000000000000e+00 0.000000000000000000e+00 0.000000000000000000e+00
1.485607500705190276e+01 -1.925021046569120031e+01 -4.228169512506256211e+01
1.189354987213252635e+01 -1.448817044965591627e+01 -4.228169512506256211e+01
9.882602711053914746e+00 -9.625105232845678316e+00 -4.423659964433040415e+01
1.192572066339940484e+01 -1.930072277732561759e+01 -3.317744940147331079e+01
9.946944297448190753e+00 -1.925021046569127847e+01 -2.211829982216521273e+01
1.466305024786911915e+01 9.625105232845484693e+00 -4.228169512506256922e+01
1.073521680057469041e+01 8.658446385456617378e+00 -3.869729261474905968e+01
1.660965567527953368e+01 1.438714524888077406e+01 -2.211829982216521628e+01
1.447002548868634264e+01 3.850042093138223720e+01 -2.016339530289737425e+01
2.135793226969347103e+01 3.844990861974787322e+01 -1.105914957930812115e+01
0.000000000000000000e+00 0.000000000000000000e+00 0.000000000000000000e+00
-2.898183548525135933e+00 -4.863065216810317892e+00 -5.329070518200751394e-15
6.855735989740246339e+00 4.762040016035269829e+00 -2.211829982216519852e+01
9.753919538265375166e+00 9.625105232845553971e+00 -4.423659964433039704e+01
6.791394403346004083e+00 1.438714524888084512e+01 -4.423659964433039704e+01
2.043117805071572590e+00 -9.675617544479965915e+00 -5.529575021896198450e+01
9.331370765197224415e-01 1.054125160497328650e+01 -6.083505691676883487e+01
-1.930247591827853881e-01 2.887531569853674185e+01 -6.635489946649558135e+01
8.687954901254615336e-01 2.016635683781887423e+01 -6.083505691676883487e+01
6.727052816951720970e+00 2.401225048172641152e+01 -4.423659964433039704e+01
-3.155549894102184894e+00 3.363735571457198148e+01 -4.423659964433039704e+01
0.000000000000000000e+00 0.000000000000000000e+00 0.000000000000000000e+00
7.742972524460712158e+00 1.448817044965585055e+01 1.954904519267840257e+00
1.261993214792803286e+01 1.930072282545099682e+01 1.301405376680144421e+01
1.749689206272609709e+01 2.411327568250139564e+01 1.954904519267838481e+00
1.749689206272609709e+01 2.411327568250139564e+01 1.954904519267838481e+00
1.450219613267932672e+01 3.368786860371263714e+01 1.105915024285708981e+01
2.718647001459721224e+01 4.336348614819254976e+01 2.407320434143302990e+01
2.910090464688025236e+01 5.293807906940379837e+01 3.513235358896663030e+01
2.211648534061635729e+01 6.742624898967889635e+01 3.513235358896663030e+01
2.192346058143355947e+01 9.630156468821566307e+01 3.513235358896663030e+01
2.390223694770648777e+01 9.625105232845579906e+01 4.619150416359822486e+01
0.000000000000000000e+00 0.000000000000000000e+00 0.000000000000000000e+00
2.834480264401156191e+01 2.021686936120555700e+01 5.539307029581346242e+00
3.703690193406248454e+01 3.855093329114220069e+01 1.105915024285708981e+01
2.919741702840182640e+01 3.850042093138232246e+01 2.211829982216519142e+01
2.319429498090844532e+01 5.202193253364930570e+01 2.765760685174654299e+01
2.329080736049984424e+01 3.758427468438091523e+01 7.474747068994588517e+00
2.718647001459714829e+01 4.336348614819257818e+01 1.954904519267838481e+00
2.725081160099141186e+01 3.373838091534697980e+01 1.954904519267838481e+00
2.230951009979908406e+01 3.855093329114214384e+01 1.301405376680144244e+01
2.415960329328348877e+01 5.775063139707345528e+01 1.954904519267838481e+00
2.818394867751112898e+01 4.427963252032029828e+01 7.474747068994584076e+00
0.000000000000000000e+00 0.000000000000000000e+00 0.000000000000000000e+00
-1.045638847609774658e+00 1.059176391660761496e+01 5.539306697806853919e+00
-6.887906781007157697e+00 5.051231163429292792e-02 1.301405409857594186e+01
-5.954769704487437920e+00 1.059176391660760608e+01 1.853389664830268657e+01
-9.946944297448194305e+00 1.925021046569112571e+01 2.211829982216519142e+01
-2.203971916722643698e+00 3.373838038596622368e+01 2.407320334610954404e+01
-6.984419158990024634e+00 1.448816992027503758e+01 6.635489946649558135e+01
3.686456200855762866e+00 3.277172177920498086e+01 7.189420616430243172e+01
8.643939104261313844e+00 2.984197438229879040e+01 7.189420616430243172e+01
1.350471732551539894e+01 3.277172177920496665e+01 7.189420616430243172e+01
1.261993229552357576e+01 1.930072277732544350e+01 7.936895356507152144e+01
0.000000000000000000e+00 0.000000000000000000e+00 0.000000000000000000e+00
-5.053802979922165761e+00 2.594556822462971724e+01 -2.211829982216519852e+01
-5.134326409257599977e+00 3.368786831495955170e+01 -3.317745006502229899e+01
7.401124635170077681e-01 3.941656746713687198e+01 -4.975644318938064004e+01
-4.233359685207108036e+00 4.904167269998240641e+01 -5.171134671332499266e+01
3.541783487107040607e+00 5.871729024446234035e+01 -6.277049695618208602e+01
6.436000858558008630e-01 5.385422502765205621e+01 -6.277049695618208602e+01
3.477441900712745060e+00 6.834239547730791742e+01 -6.277049695618208602e+01
-4.394213649262551868e+00 7.310443549334320323e+01 -6.081559243691424399e+01
-5.307222305058303391e-01 8.369619962170315830e+01 -5.723118992660073445e+01
4.827461179398779834e-01 7.791698839851909497e+01 -7.187474301154583145e+01
0.000000000000000000e+00 0.000000000000000000e+00 0.000000000000000000e+00
5.874438580157024248e+00 5.728698863424154908e+00 -3.869729261474905258e+01
8.772622128682170839e+00 1.059176408023439642e+01 -3.869729261474905258e+01
1.078356914248684362e+01 5.728698863424098064e+00 -1.853389731185170319e+01
1.471140244218564774e+01 6.695357758938474291e+00 -2.211829982216521273e+01
1.950783907653073612e+01 1.925021046569109728e+01 -2.211829982216521273e+01
2.050531788562482660e+01 2.016635700144560062e+01 -2.763814336721545217e+01
2.337133049560915765e+01 2.984197454592550258e+01 -1.853389731185170319e+01
2.531793607029349502e+01 3.460401456196078840e+01 -1.657899279258386116e+01
2.815177803242436738e+01 4.909218501161667092e+01 -1.657899279258386116e+01
2.424012642755636548e+01 5.000833138374438391e+01 -2.405374019335295088e+01
0.000000000000000000e+00 0.000000000000000000e+00 0.000000000000000000e+00
3.831320627489834152e+00 1.540431645602960131e+01 -5.519843545050240330e+00
9.009664314329377532e-01 1.535380409626972842e+01 3.584402510313508650e+00
-1.608539659856820236e-01 2.406276308211395332e+01 -1.935440371187738151e+00
1.458271926939708862e+01 2.594556822462968171e+01 0.000000000000000000e+00
1.071922755609254985e+01 1.535380409626969822e+01 -1.853389731185168898e+01
3.927833005472640693e+00 9.666588473887891553e-01 -1.853389731185168898e+01
9.331372226997736163e-01 1.054125176860003066e+01 -2.763814336721543796e+01
9.834442377990352924e+00 1.882805219516505701e+00 -3.317745006502229188e+01
8.869134509882066197e+00 -3.845894009661659396e+00 -2.959304689115978704e+01
1.081573993375370790e+01 9.161465357544233967e-01 -2.763814336721543441e+01
0.000000000000000000e+00 0.000000000000000000e+00 0.000000000000000000e+00
-4.973472295998004888e+00 9.625105232845571734e+00 -2.016339629822084234e+01
-9.979115092253834973e+00 2.406276332274158136e+01 -9.104245723589251327e+00
-5.069984677197934886e+00 2.406276332274158136e+01 -1.105915024285709336e+01
1.850093046210483649e+00 1.919969810593128656e+01 -1.105915024285709336e+01
4.780447242267364061e+00 1.925021046569115413e+01 -2.016339629822084234e+01
-3.927833448902998015e+00 -9.666586067612712441e-01 -3.584403173862501291e+00
-4.008163986067959428e+00 1.535380446202370308e+01 5.539306697806855695e+00
-5.102155468786546244e+00 2.887531569853671698e+01 1.954903523944353516e+00
-8.064680459970814397e+00 3.363735624395280155e+01 1.954903523944354404e+00
-8.096851251237692892e+00 3.844990857162240872e+01 1.105914957930810161e+01
0.000000000000000000e+00 0.000000000000000000e+00 0.000000000000000000e+00
8.611768311578938295e+00 3.465452692172076610e+01 7.474746737220095305e+00
5.713584906788925721e+00 2.979146223429125584e+01 7.474746737220096193e+00
1.352089902118263609e+01 3.465452692172077320e+01 5.519843213275744453e+00
1.342438663998271409e+01 4.909218501161676329e+01 1.853389731185168543e+01
8.386572757590453620e+00 6.834239547730791742e+01 1.657899279258384340e+01
8.418743552396136920e+00 6.352984262025747597e+01 7.474746737220094417e+00
3.509613137340231503e+00 6.352984262025746887e+01 5.519843213275743565e+00
5.792587940094247045e-01 6.347933026049758354e+01 -3.584402510313509538e+00
-4.663800550158367919e-01 7.407109438885754571e+01 -9.123709539894861109e+00
5.792587940094313659e-01 6.347933026049751959e+01 -3.584402510313511314e+00
0.000000000000000000e+00 0.000000000000000000e+00 0.000000000000000000e+00
8.772622277049890727e+00 1.059176391660765226e+01 -1.657899312435834105e+01
3.718626994052941725e+00 2.795916916278223141e+01 -1.464355275317060290e+01
1.950783907653076454e+01 1.925021046569116479e+01 0.000000000000000000e+00
1.944349749013649742e+01 2.887531569853675606e+01 0.000000000000000000e+00
2.230951024739474775e+01 3.855093324301668645e+01 -9.104245723589253103e+00
1.834950600690317657e+01 4.239682701205060766e+01 -3.584403173862503067e+00
1.450219613653978712e+01 3.368786802620635967e+01 1.105914957930809983e+01
1.258776150393502746e+01 2.411327515312063596e+01 -3.552713678800500929e-15
8.627757261834933189e+00 2.795916916278219588e+01 -5.519843213275747118e+00
1.730386715980817414e+01 5.298859085165739202e+01 1.954903523944348187e+00
0.000000000000000000e+00 0.000000000000000000e+00 0.000000000000000000e+00
1.960435145560740722e+01 4.812552693423608474e+00 -1.935440371187739927e+00
1.851035997288881063e+01 1.833406392993663658e+01 -5.519843545050242106e+00
2.423993412448155738e+01 4.143016840528936484e+01 -8.881784197001252323e-16
2.430427571087582095e+01 3.180506317244376291e+01 -8.881784197001252323e-16
3.413871808886622716e+01 3.368786839196035743e+01 1.105914957930809805e+01
3.512001564462955372e+01 3.272120970819828756e+01 1.659845627711495197e+01
3.314123942595224293e+01 3.277172201983263022e+01 2.765760685174654299e+01
2.929392940747850105e+01 2.406276315911476971e+01 4.230115927314264468e+01
3.030739746382137412e+01 1.828355157017674415e+01 2.765760685174653588e+01
2.423993412448156093e+01 4.143016840528934353e+01 4.423659964433037572e+01
0.000000000000000000e+00 0.000000000000000000e+00 0.000000000000000000e+00
9.169556762367419012e-01 8.658446337331174192e+00 5.539307029581349795e+00
-4.088687267614719012e+00 2.309610447535271405e+01 1.659845627711494842e+01
-6.099634277880588762e+00 2.795916916278218878e+01 3.676185257533579431e+01
9.625236365476869338e+00 2.887531569853670987e+01 4.423659964433038283e+01
1.340820479865016068e+01 4.720937962847336422e+01 5.888015239750098573e+01
1.847818917808318773e+01 2.314661678698701763e+01 4.782100215464389237e+01
2.533392531509734269e+01 2.790865680302230345e+01 4.782100215464389237e+01
2.332297830129263616e+01 3.277172201983256627e+01 2.765760685174653588e+01
2.916524623469000588e+01 4.331297362480587054e+01 2.018285945097744616e+01
2.998568953185007047e+01 6.640907773440461881e+01 2.765760685174653588e+01
0.000000000000000000e+00 0.000000000000000000e+00 0.000000000000000000e+00
1.109980728551868800e+00 -2.021686914945325597e+01 -1.657899312435834105e+01
4.816033306351297227e-02 -1.150791045236223020e+01 -1.105914957930809983e+01
1.238663901340392393e+00 -3.946707961514448471e+01 -1.657899312435834105e+01
4.136847306130396973e+00 -3.460401492771499932e+01 -1.657899312435834105e+01
5.102155616060456644e+00 -2.887531569853685198e+01 -1.299458995049583798e+01
8.949465634534195857e+00 -2.016635683781898791e+01 -2.763814237189194500e+01
4.040334924930463423e+00 -2.016635683781898791e+01 -2.959304689115978704e+01
1.109980728551866580e+00 -2.021686914945333058e+01 -3.869729294652353246e+01
3.879480960553340907e+00 3.896406003667344464e+00 -1.657899312435834460e+01
8.847851781021893736e-01 1.347099887675305396e+01 -7.474747068994595622e+00
0.000000000000000000e+00 0.000000000000000000e+00 0.000000000000000000e+00
-1.406780206178193637e+01 4.715886726871350731e+01 -3.584402510313511314e+00
-2.102005042950504787e+01 5.683448486131895550e+01 -1.659845660888944963e+01
-1.022049189687073856e+01 5.586782625455772688e+01 -3.317744973324779068e+01
-4.346053318643959607e+00 6.159652540673504006e+01 -3.871675643105464815e+01
-3.860495183655943130e-01 5.775063139707344817e+01 -4.423659964433038994e+01
-5.343532422285878880e+00 6.068037887098049055e+01 -6.635489946649558135e+01
3.461260648475873225e+00 6.645959009416451124e+01 -8.099845255144067835e+01
-5.407874008680137123e+00 7.030548410382606050e+01 -8.847319928866076566e+01
-5.472215595074396255e+00 7.993058933667165888e+01 -8.847319928866076566e+01
-4.474736491432471652e+00 8.084673587242617998e+01 -8.295335607538501677e+01
0.000000000000000000e+00 0.000000000000000000e+00 0.000000000000000000e+00
4.748276598274438598e+00 2.406276279336078971e+01 -3.317744906969879537e+01
9.625236365476881772e+00 2.887531569853671698e+01 -4.423659964433038283e+01
2.712212843174172150e+01 5.298859085165740623e+01 -4.619150316827473546e+01
2.327481841217414882e+01 4.427963215456631474e+01 -3.871675609928014694e+01
1.836568755529647845e+01 4.427963215456630053e+01 -5.171134638155048435e+01
1.720735492588210747e+01 6.742624894155338211e+01 -5.529574889186399389e+01
1.434134216862386069e+01 5.775063139707342685e+01 -4.619150316827474256e+01
-3.860495183655920926e-01 5.775063139707341264e+01 -4.423659964433038994e+01
2.415621505224464727e+00 7.705135417439893786e+01 -3.513235358896663740e+01
1.216954104348983456e+01 8.667645940724450782e+01 -5.725065341113183592e+01
0.000000000000000000e+00 0.000000000000000000e+00 0.000000000000000000e+00
-1.770352198311591074e-01 2.217995793959819650e+01 3.511289010443553593e+01
-6.228317303395231264e+00 4.720937962847339975e+01 2.959304655938529294e+01
-1.416431444330359923e+01 6.159652540673505428e+01 2.763814303544094031e+01
-9.255183880973774535e+00 6.159652540673502585e+01 7.474746737220097970e+00
-1.415698974991442149e+00 6.164703771836936141e+01 1.853389731185168898e+01
4.490910544800210680e+00 6.256318409049708862e+01 1.105914991108259926e+01
-4.344015654082111766e-01 6.068037887098047634e+01 3.511289010443552883e+01
4.665648660247336821e-01 7.603418296725021719e+01 3.869729261474903836e+01
-6.112450712602184311e-01 9.143849978903381270e+01 4.617203968374363399e+01
-1.769577698551326961e+00 1.145851162583924179e+02 4.975644285760613883e+01
0.000000000000000000e+00 0.000000000000000000e+00 0.000000000000000000e+00
4.973472295997991566e+00 -9.625105232845591274e+00 -2.016339530289735649e+01
5.037813882392263132e+00 -1.925021046569119676e+01 -2.016339530289735649e+01
2.477084851291147771e+01 -3.368786855558722948e+01 1.105915024285708625e+01
2.187266496084755119e+01 -3.855093324301675750e+01 -1.105914957930810516e+01
2.583266876112591959e+01 -4.239682725267832808e+01 -1.657899279258384695e+01
1.699570519364512222e+01 -4.336348614819274871e+01 -2.211829982216519852e+01
2.573615638101980707e+01 -2.795916932640914609e+01 -3.676185257533580852e+01
4.141267483250570081e+01 -2.411327568250159814e+01 -4.228169512506255501e+01
4.648265935889094180e+01 -4.817603847586242694e+01 -5.334084569969414247e+01
5.916693309353490804e+01 -3.850042093138255694e+01 -4.423659964433039704e+01
0.000000000000000000e+00 0.000000000000000000e+00 0.000000000000000000e+00
-9.974786618201791910e-01 -9.161465357545210964e-01 5.519843213275745342e+00
1.366557129150109162e+01 8.708958697091066625e+00 7.474746737220097081e+00
9.834250664011266352e+00 -6.695357758938570214e+00 -9.123709539894857556e+00
3.911651753235712903e+00 -9.161465357545353072e-01 7.474746737220094417e+00
9.721748744553494248e+00 1.443765792626921041e+01 1.935440039413240498e+00
8.659928495245271307e+00 2.314661678698704605e+01 -3.584402510313509538e+00
1.472739198153730911e+01 -4.618527782440651208e-14 -9.123709539894861109e+00
1.353688811871259290e+01 2.795916916278220299e+01 -1.464355308494510055e+01
-3.057183926196582746e-01 4.143016840528932221e+01 -9.123709539894859333e+00
-3.700599790139396106e-01 5.105527363813489217e+01 -9.123709539894859333e+00
0.000000000000000000e+00 0.000000000000000000e+00 0.000000000000000000e+00
-3.217079158859181831e-02 4.812552375795164039e+00 -9.104246055363748980e+00
-4.876959620250215899e+00 -4.812552857050452104e+00 1.105915024285709691e+01
-8.724269639817755717e+00 -1.352151155414152228e+01 -3.584402510313505985e+00
-9.753919538265337863e+00 -9.625105232845619696e+00 1.776356839400250465e-15
-2.833841814856913999e+00 -1.448817044965592338e+01 2.211829982216519142e+01
1.061820691130034522e+00 -8.708958860717912032e+00 1.659845694066394373e+01
-7.839484758708387346e+00 -5.051231163442437833e-02 3.317745006502228478e+01
-5.037813587844382823e+00 1.925021046569110084e+01 2.407320434143303345e+01
9.331375183415158148e-01 1.054125160497324032e+01 3.871675676282913514e+01
9.753919538265419575e+00 9.625105232845500680e+00 4.423659964433038283e+01
0.000000000000000000e+00 0.000000000000000000e+00 0.000000000000000000e+00
-2.552695036850621335e+01 9.666588473888131361e-01 -1.853389731185168898e+01
-3.446042661044794642e+01 1.443765784926832652e+01 -3.317745006502229899e+01
-3.547389466595436858e+01 2.021686931307996105e+01 -4.065219713401689461e+01
-3.349511830000317048e+01 2.016635700144561127e+01 -5.171134671332499977e+01
-3.468562216282787602e+01 4.812552616422783558e+01 -5.723118992660074156e+01
-2.977649130595021632e+01 4.812552616422782847e+01 -6.635489946649559556e+01
-2.386988193452630469e+01 4.904167269998234957e+01 -7.382964653549018408e+01
-1.994204892795981010e+01 5.000833138374441944e+01 -9.953234953151788034e+01
-3.859727362151572549e+01 4.904167269998234246e+01 -9.399304283371102997e+01
-3.365597226405849796e+01 4.422911979480637257e+01 -8.293389225907944251e+01
0.000000000000000000e+00 0.000000000000000000e+00 0.000000000000000000e+00
-9.653083123750416661e-01 -5.728698863424156684e+00 3.584402510313507761e+00
3.217079126687050206e-02 -4.812552327669632035e+00 9.104245723589251327e+00
9.818261124659624528e+00 7.105427357601001859e-15 -2.211829982216519497e+01
1.255559070880765660e+01 2.892582805829663783e+01 -1.301405409857594186e+01
4.716105803147014441e+00 2.887531569853673830e+01 -2.407320434143303700e+01
-6.083452878691455012e+00 2.984197459405111630e+01 -4.065219713401688750e+01
-7.113102335317282865e+00 3.373838091534697980e+01 -4.423659964433039704e+01
-1.190503864754951735e+00 2.795916945153531330e+01 -3.871675709460365056e+01
4.619593421625390661e+00 4.331297383655821420e+01 -3.317745039679679309e+01
3.638295865862066769e+00 4.427963252032029118e+01 -1.659845727243845204e+01
0.000000000000000000e+00 0.000000000000000000e+00 0.000000000000000000e+00
-5.890427677365183357e+00 9.666588473888011457e-01 -3.584402510313509538e+00
-8.820782021017706143e+00 9.161465357544413823e-01 2.763814303544093320e+01
-1.970086383571352684e+01 9.625105232845506009e+00 4.423659964433038283e+01
-8.917294398678834000e+00 1.535380409626963782e+01 6.277049695618207181e+01
-1.045638848703529078e+00 1.059176408023430582e+01 6.081559243691422978e+01
8.708280689561849641e+00 2.021686931307987578e+01 8.293389225907941409e+01
1.358524060757699914e+01 2.502942168887500429e+01 9.399304250193651455e+01
9.834442967086106435e+00 1.882805219516388462e+00 9.953234919974336492e+01
1.562835841297025219e+01 1.535380409626954368e+01 1.050521920812446126e+02
1.361741139916558119e+01 2.021686931307977630e+01 1.070070966005124546e+02
0.000000000000000000e+00 0.000000000000000000e+00 0.000000000000000000e+00
3.750797492702235836e+00 2.314661654635944288e+01 -5.539306697806853919e+00
7.742972527999480548e+00 1.448816992027508732e+01 -1.954903523944350852e+00
7.742972527999484100e+00 1.448816992027508377e+01 -1.954903523944350852e+00
1.960435145805238832e+01 4.812552327669591179e+00 -1.301405376680144599e+01
2.935827099631777770e+01 1.443765756051518601e+01 -3.513235358896664451e+01
2.441696963886057858e+01 1.925021046569111860e+01 -4.619150316827474967e+01
1.944349749013648676e+01 2.887531569853669566e+01 -6.635489946649559556e+01
1.740037968506491595e+01 3.855093324301662250e+01 -5.529574889186400810e+01
2.243819327290933785e+01 1.930072277732544350e+01 -5.725065341113185013e+01
3.713341431558411898e+01 2.411327515312060754e+01 -6.830980299043994819e+01
0.000000000000000000e+00 0.000000000000000000e+00 0.000000000000000000e+00
8.708280691170351417e+00 2.021686907245242182e+01 5.539306697806854807e+00
7.722835512620189746e-01 3.460401485071407990e+01 3.584403173862503955e+00
8.611768309970456059e+00 3.465452716234837993e+01 -7.474747068994591181e+00
4.732287351540422016e+00 3.075812084105246669e+01 -1.935440039413239610e+00
3.702637894914595051e+00 3.465452716234834440e+01 -5.519842549726749148e+00
1.553184603337891723e+01 2.979146194553803184e+01 1.464355275317059935e+01
1.933099616028919598e+01 5.000833130674360660e+01 1.105915024285708981e+01
1.042969071186630003e+01 5.866677764407479856e+01 -5.519842549726757142e+00
2.024795183652593522e+01 5.866677764407478435e+01 1.659845727243843072e+01
2.015143945500429368e+01 7.310443578209630289e+01 2.570270299602768205e+01
0.000000000000000000e+00 0.000000000000000000e+00 0.000000000000000000e+00
6.887906781007126611e+00 -5.051231163434821703e-02 9.104245723589251327e+00
1.673833870079414510e+01 -4.863065216810321445e+00 2.211829982216519142e+01
1.076738774104572727e+01 3.845893769033869702e+00 1.464355242139610169e+01
1.170052496567580391e+01 1.438714524888080248e+01 2.016339530289734938e+01
1.170052496567580391e+01 1.438714524888076340e+01 2.016339530289734938e+01
9.721748746676791342e+00 1.443765760864062742e+01 3.122254554575444274e+01
1.753580668227660233e+00 3.363735571457193885e+01 2.016339530289734938e+01
1.850093045888795196e+00 1.919969815405671199e+01 1.105914924753360040e+01
4.844788828661646285e+00 9.625105232845463377e+00 2.016339530289734938e+01
6.823565194612877249e+00 9.574592921211115382e+00 3.122254554575444274e+01
0.000000000000000000e+00 0.000000000000000000e+00 0.000000000000000000e+00
-2.251955504496390148e-01 3.368786802620641652e+01 -9.104245723589253103e+00
2.705158792881157570e+00 3.373838038596629474e+01 0.000000000000000000e+00
9.560894779082600436e+00 3.850042093138237931e+01 0.000000000000000000e+00
1.236256594994659075e+01 5.780114370870789031e+01 -9.104245723589253103e+00
1.723952557341388570e+01 6.261369608450303303e+01 -2.016339629822084589e+01
4.523081043964245040e+00 5.775063139707351922e+01 -2.016339629822084589e+01
1.723952557341388570e+01 6.261369608450300461e+01 -4.228169612038604441e+01
2.802309500800358677e+01 6.834239531368115195e+01 -3.869729294652353957e+01
2.897222147795219271e+01 7.218828895758871056e+01 -3.122254554575444985e+01
3.187040502647732509e+01 7.705135417439900891e+01 -9.104245723589258432e+00
0.000000000000000000e+00 0.000000000000000000e+00 0.000000000000000000e+00
7.903826492054868424e+00 -9.574592873085720157e+00 -1.105914957930810338e+01
7.935997283643461131e+00 -1.438714524888088775e+01 -2.016339530289735649e+01
5.198667699173739720e+00 -4.331297325905200069e+01 -1.105914957930810338e+01
9.078148659212336824e+00 -3.941656717838372259e+01 -2.763814270366644621e+01
5.134326112779480589e+00 -3.368786802620640231e+01 -1.105914957930810871e+01
1.930247591827845000e-01 -2.887531569853680224e+01 -2.211829982216520563e+01
-1.170052496567581812e+01 -1.438714524888093749e+01 -4.228169512506256211e+01
-5.761744652172323455e+00 -1.828355157017684007e+01 -2.570270233247872227e+01
-1.075139834928973670e+01 -1.054125147984700561e+01 -2.763814270366646042e+01
-9.721748746998514434e+00 -1.443765756051528903e+01 -3.122254587752896171e+01
0.000000000000000000e+00 0.000000000000000000e+00 0.000000000000000000e+00
4.876959918015113971e+00 4.812552375795160486e+00 1.105915024285709514e+01
9.491264691121514829e-01 3.845893769033928322e+00 7.474747068994592070e+00
-8.804793069153214802e+00 -5.779211463811670058e+00 7.474747068994592070e+00
1.013468055506418608e+00 -5.779211463811675387e+00 7.474747068994590293e+00
1.472739183426335075e+01 -1.776356839400250465e-15 2.407320434143303345e+01
1.570868924384654974e+01 -9.666588473889006217e-01 1.853389731185168188e+01
2.167964020166471073e+01 -9.675617544479999665e+00 3.317745006502228478e+01
1.963652224931923129e+01 -7.815970093361102045e-14 2.211829982216519142e+01
2.935827099599601553e+01 1.443765760864067005e+01 3.513235358896663740e+01
3.917653212065565782e+01 1.443765760864065406e+01 5.725065341113183592e+01
0.000000000000000000e+00 0.000000000000000000e+00 0.000000000000000000e+00
-3.217079319712112806e-02 4.812552616422754781e+00 -1.935440039413240498e+00
8.881784197001252323e-16 -6.927791673660976812e-14 2.211829982216519497e+01
3.831321067703042260e+00 1.540431669665717784e+01 1.659845727243844493e+01
1.839785864304148078e+01 3.946707953814351555e+01 2.765760651997204889e+01
1.549967523825147708e+01 3.460401485071398753e+01 2.765760651997204889e+01
1.339221584678564625e+01 5.390473762803949143e+01 1.659845727243844493e+01
6.436003784735042643e-01 5.385422531640514876e+01 2.570270299602769626e+01
3.638296308520274636e+00 4.427963239519388594e+01 -5.519842549726750036e+00
4.700116557828519781e+00 3.557067353447599345e+01 0.000000000000000000e+00
-5.102155026964754647e+00 2.887531569853660329e+01 -1.299458995049583976e+01
0.000000000000000000e+00 0.000000000000000000e+00 0.000000000000000000e+00
8.740451484367481427e+00 1.540431645602961197e+01 7.474746737220095305e+00
5.745755701916314351e+00 2.497890932911532147e+01 1.657899279258384340e+01
8.418743552396165342e+00 6.352984262025753992e+01 7.474746737220094417e+00
5.488389356339261838e+00 6.347933026049768301e+01 1.657899279258384340e+01
3.509613137340248379e+00 6.352984262025755413e+01 2.763814303544094031e+01
-1.411596210171313359e+01 5.866677793282804032e+01 2.959304655938529294e+01
-9.239002330650212258e+00 6.347933026049768301e+01 4.065219713401688750e+01
-1.399517572263503595e+00 6.352984262025756124e+01 2.959304655938529649e+01
4.442750212766155116e+00 7.407109438885764519e+01 4.423659964433039704e+01
5.391876974817608748e+00 7.791698839851919445e+01 5.171134638155049146e+01
0.000000000000000000e+00 0.000000000000000000e+00 0.000000000000000000e+00
4.909130709603733322e+00 0.000000000000000000e+00 -2.407320334610954404e+01
-7.871655553514109727e+00 4.762040545416075688e+00 -4.619150316827473546e+01
-1.281295690711081470e+01 9.574592873085705946e+00 -3.513235358896663740e+01
-9.914773505859621139e+00 1.443765808989598476e+01 -3.513235358896663740e+01
-4.072505719736165375e+00 2.497890969486929436e+01 -4.977590634213724741e+01
-7.968167931175264229e+00 1.919969810593124748e+01 -5.529574889186399389e+01
1.850093193484378062e+00 1.919969810593118353e+01 -5.529574889186399389e+01
4.683935155615251311e+00 3.368786855558705184e+01 -5.529574889186399389e+01
2.422394502695167517e+01 4.812552616422777163e+01 -2.407320334610955115e+01
2.419177423214599543e+01 5.293807902127820597e+01 -3.317744906969880248e+01
0.000000000000000000e+00 0.000000000000000000e+00 0.000000000000000000e+00
-1.332267629550187849e-15 -7.549516567451064475e-15 0.000000000000000000e+00
3.895662212275556424e+00 5.779211463811654070e+00 5.519842881501245913e+00
-3.975993337699744945e+00 1.054125147984692923e+01 7.474747400769087058e+00
-9.850431917856742103e+00 4.812552616422740570e+00 1.935440371187737263e+00
-3.975993337699711638e+00 1.054125147984687594e+01 7.474747400769087058e+00
-3.975993337699728514e+00 1.054125147984684574e+01 -1.464355242139611235e+01
5.810096991832539359e+00 1.535380438502275346e+01 -2.765760651997205599e+01
3.670466661504197869e+00 3.946707953814343739e+01 -2.570270299602770336e+01
-4.104676510488229013e+00 2.979146194553795368e+01 -3.676185224356130732e+01
4.732287351540398035e+00 3.075812084105231747e+01 -2.018285945097746747e+01
0.000000000000000000e+00 0.000000000000000000e+00 0.000000000000000000e+00
4.925312110723137238e+00 1.882805142515755925e+00 1.935440371187738151e+00
8.804792921879293743e+00 5.779211463811661176e+00 7.474747400769087946e+00
3.863491420686978373e+00 1.059176383960682521e+01 1.853389664830268657e+01
3.799149834292704142e+00 2.021686907245241116e+01 1.853389664830268657e+01
8.579597371107915649e+00 3.946707953814358660e+01 1.657899312435833394e+01
3.799149834292713024e+00 2.021686907245238984e+01 1.853389664830268657e+01
9.770100792110882892e+00 1.150791037536130546e+01 3.317744973324778357e+01
8.676109749090798573e+00 2.502942192950280287e+01 2.959304722293427403e+01
5.810096991832573998e+00 1.535380438502287070e+01 3.869729294652352536e+01
1.553184573883105557e+01 2.979146194553810290e+01 2.959304722293427403e+01
0.000000000000000000e+00 0.000000000000000000e+00 0.000000000000000000e+00
5.858257029833437102e+00 3.845894009661552815e+00 1.659845627711495197e+01
8.595586467029246336e+00 3.277172201983266575e+01 4.782100215464389237e+01
1.051002124658620218e+01 4.234631494104391436e+01 5.888015239750098573e+01
1.825299362731175279e+01 5.683448486131901234e+01 6.083505592144533836e+01
2.422394458512993154e+01 4.812552616422794216e+01 5.336030918422524394e+01
8.563415675440630537e+00 3.758427439562781558e+01 8.295335574361054398e+01
5.793915443439152213e+00 1.347099924250710856e+01 8.295335574361054398e+01
4.909130267781957713e+00 -6.394884621840901673e-14 9.759690882855564098e+01
8.659928053423476157e+00 2.314661678698702829e+01 1.141759016211394879e+02
9.689577951871077843e+00 1.925021046569109728e+01 1.105914991108259784e+02
0.000000000000000000e+00 0.000000000000000000e+00 0.000000000000000000e+00
-2.962524991184295686e+00 4.762040545416050819e+00 8.881784197001252323e-16
4.844789123209429782e+00 9.625105232845548642e+00 2.016339629822084589e+01
6.855736133475332394e+00 4.762040545416041937e+00 2.211829982216519852e+01
9.689577951871076067e+00 1.925021046569112571e+01 4.423659964433039704e+01
5.874438577712014720e+00 5.728699229178083385e+00 6.081559276868873809e+01
4.876959914798034035e+00 4.812552857050349076e+00 5.529575021896198450e+01
1.170052510941090951e+01 1.438714577826158170e+01 6.439999594255124293e+01
1.950783907653072191e+01 1.925021046569106886e+01 4.423659964433039704e+01
1.947566828172506348e+01 2.406276332274148189e+01 3.122254587752895105e+01
-3.123378955239694221e+00 2.882480333877677481e+01 3.122254587752895105e+01
0.000000000000000000e+00 0.000000000000000000e+00 0.000000000000000000e+00
-1.061820690036197945e+00 8.708958697091057743e+00 -5.519843545050242106e+00
-9.866613760797944721e+00 2.929747473907029942e+00 -1.299459028227033741e+01
8.724269639817771704e+00 1.352151155414147077e+01 2.570270233247870806e+01
8.627757261834917202e+00 2.795916916278221009e+01 1.659845627711495908e+01
5.793915443439175306e+00 1.347099924250711211e+01 1.659845627711495908e+01
1.458252696580759000e+01 1.736740532317537955e+01 2.018285945097746037e+01
2.543043769275843857e+01 1.347099924250710856e+01 -5.519843545050239442e+00
3.821122380860233392e+01 8.708958697091020440e+00 1.659845627711495553e+01
3.811471142740238349e+01 2.314661678698702119e+01 2.570270233247870451e+01
3.811471142740238349e+01 2.314661678698701408e+01 2.570270233247870451e+01
0.000000000000000000e+00 0.000000000000000000e+00 0.000000000000000000e+00
4.796436634859812642e+00 1.255485262975178884e+01 0.000000000000000000e+00
-3.960004092381238294e+00 3.845893643907542625e+00 5.519842881501245913e+00
-4.876960063165800108e+00 -4.812552693423679528e+00 1.105914991108259571e+01
3.217079371186049030e-02 -4.812552693423689298e+00 2.405374019335292957e+01
-1.093991482718575270e+00 1.352151123651294640e+01 1.853389664830269012e+01
-5.118336869391203692e+00 2.699251047902008338e+01 4.617204001551812098e+01
-2.251955518651822530e-01 3.368786823795862517e+01 6.829033983768331950e+01
3.686456054096627355e+00 3.277172170220410408e+01 8.293389259085392951e+01
7.882725020327061571e-01 2.790865701477459737e+01 1.050521924130191280e+02
5.665232273095641702e+00 3.272120934244421875e+01 1.161113419923272261e+02
0.000000000000000000e+00 0.000000000000000000e+00 0.000000000000000000e+00
1.484008561445946128e+01 -1.255485262975180660e+01 0.000000000000000000e+00
1.968487429584715898e+01 -2.929747396906222434e+00 -9.123709871669356986e+00
2.554313162267341042e+01 9.161462470013397308e-01 -3.676185224356130732e+01
1.562835811649213547e+01 1.535380438502287959e+01 -2.765760651997205599e+01
1.952402033037622431e+01 2.113301560820690739e+01 -3.317744973324779778e+01
8.643938957502159681e+00 2.984197430529797401e+01 -5.539306697806857471e+00
4.603604178751819376e+00 5.000833130674367766e+01 1.935440371187734598e+00
-1.270834548357392180e+00 4.427963239519399252e+01 -1.464355242139611235e+01
8.643938957502188103e+00 2.984197430529795625e+01 -5.539306697806861024e+00
1.059054438137381382e+01 3.460401485071402305e+01 -3.584403173862509284e+00
0.000000000000000000e+00 0.000000000000000000e+00 0.000000000000000000e+00
-9.491266163860698768e-01 -3.845893769033953191e+00 -1.464355242139610702e+01
-1.077809789174573929e+00 1.540431669665720804e+01 -1.464355242139610702e+01
-1.142151375568823735e+00 2.502942192950277800e+01 -1.464355242139610702e+01
-4.008164132827053194e+00 1.535380438502284406e+01 -5.539306697806853919e+00
-1.109980580763127556e+00 2.021686907245234011e+01 1.657899312435833750e+01
-4.973472443271836241e+00 9.625105232845506009e+00 3.511288977266102052e+01
3.895662212275635028e+00 5.779211463811552818e+00 2.763814270366642489e+01
4.893141317011366453e+00 6.695357835939253377e+00 2.211829982216517720e+01
7.722832567142479121e-01 3.460401485071395200e+01 1.853389664830267591e+01
3.606125075109988920e+00 4.909218477098904998e+01 1.853389664830267591e+01
0.000000000000000000e+00 0.000000000000000000e+00 0.000000000000000000e+00
-5.005643090803642892e+00 1.443765808989597232e+01 -1.105915024285709514e+01
-8.000338873576504639e+00 2.401225101110719962e+01 -2.016339629822084589e+01
-1.501692897464607412e+01 4.331297378843271417e+01 -3.317745006502229188e+01
-1.405162066259274134e+01 4.904167269998239931e+01 -3.676185257533580142e+01
-2.391823442339066474e+01 5.197142017388944168e+01 -4.975644285760613883e+01
-1.902509310586462021e+01 5.866677793282798348e+01 -4.975644285760613883e+01
-5.327351022774939437e+00 6.256318425412386119e+01 -3.317745006502229899e+01
1.496214319111848212e+00 7.213777717533507428e+01 -4.228169612038604441e+01
1.121796306611033422e+01 8.657543473585029403e+01 -5.529574988718749040e+01
2.390223680043259691e+01 9.625105232845575642e+01 -6.439999594255124293e+01
0.000000000000000000e+00 0.000000000000000000e+00 0.000000000000000000e+00
6.434158639424758519e-02 -9.625105232845591274e+00 -8.881784197001252323e-16
-2.043117805393283248e+00 9.675617592605433970e+00 -1.105914957930810516e+01
-4.780447389541294001e+00 -1.925021046569121097e+01 -2.016339530289735649e+01
1.608539640554020878e-01 -2.406276279336088919e+01 -9.104246055363756085e+00
1.930247591827765063e-01 -2.887531569853684488e+01 -7.105427357601001859e-15
-9.331372246300979612e-01 -1.054125147984703759e+01 -5.519842881501253906e+00
1.274861532071650672e+01 5.051235975978407566e-02 -9.104246055363756085e+00
2.243819327258762542e+01 1.930072282545093998e+01 1.301405376680144244e+01
2.350001396262379671e+01 1.059176412835986802e+01 1.853389731185168188e+01
2.725081160099141186e+01 3.373838091534695138e+01 -2.016339530289736359e+01
0.000000000000000000e+00 0.000000000000000000e+00 0.000000000000000000e+00
6.759223755814195655e+00 1.919969810593127590e+01 9.104246055363748980e+00
7.882725015179445904e-01 2.790865709177549547e+01 1.657899312435834105e+01
1.453436707508056891e+01 2.887531569853671698e+01 2.016339629822084589e+01
2.617055045082330622e+01 5.288756670964397699e+01 2.211829982216519142e+01
3.381701059762283990e+01 8.181339471981509348e+01 1.105915057463158746e+01
3.368832742483432696e+01 1.010636051855062760e+02 1.105915057463158746e+01
3.075797308118182372e+01 1.010130928738719120e+02 2.016339629822083879e+01
2.980884661367819177e+01 9.716719886421034857e+01 2.763814336721543086e+01
3.372049821963999960e+01 9.625105232845582748e+01 -1.954903523944356181e+00
3.476613721400895685e+01 8.565928848884900049e+01 -1.853389664830269723e+01
0.000000000000000000e+00 0.000000000000000000e+00 0.000000000000000000e+00
-7.903826492376580859e+00 9.574592921211229068e+00 1.105914924753360040e+01
-5.069984673980840739e+00 2.406276284148632172e+01 1.105914924753360040e+01
-7.968168078770855978e+00 1.919969815405680436e+01 3.317744906969879537e+01
-1.287729864110068334e+01 1.919969815405679370e+01 5.334084536791964126e+01
-1.482390421224623012e+01 1.443765760864069492e+01 3.317744906969879537e+01
-1.389076669499856820e+01 2.497890937724079308e+01 3.869729261474903836e+01
-1.897693277170738213e+01 4.715886731683900734e+01 3.869729261474903836e+01
-1.807596634027443727e+01 6.251267141310875530e+01 4.228169512506254790e+01
-1.039733540220801444e+01 8.662594709561021489e+01 4.423659964433038994e+01
-3.541599412467784980e+00 9.138798711164548649e+01 6.635489946649558135e+01
0.000000000000000000e+00 0.000000000000000000e+00 0.000000000000000000e+00
-1.608539654709542077e-01 2.406276300511315114e+01 -2.018285945097746037e+01
-2.413773948063813179e-01 3.180506309544298915e+01 -9.123709871669360538e+00
9.576883729853264526e+00 3.180506309544297849e+01 1.299458995049583088e+01
1.851035997179499049e+01 1.833406409356344824e+01 5.519842881501238807e+00
9.641225316247513888e+00 2.217995786259736235e+01 1.299458995049582910e+01
2.329080750861019666e+01 3.758427455925459526e+01 7.474747400769079064e+00
2.048913633774623477e+01 1.828355178192904873e+01 1.657899312435833394e+01
2.832862109645464344e+01 1.833406409356339495e+01 2.763814270366643200e+01
2.539826690007604526e+01 1.828355178192903452e+01 1.853389664830268302e+01
2.338731988981013643e+01 2.314661646935853767e+01 1.657899312435833394e+01
0.000000000000000000e+00 0.000000000000000000e+00 0.000000000000000000e+00
1.071922755609257649e+01 1.535380409626974618e+01 3.584402510313505985e+00
1.855871246175321332e+01 1.540431645602957467e+01 1.464355275317060112e+01
1.559618732329502677e+01 2.016635700144563259e+01 1.464355275317060112e+01
2.811960724083579777e+01 5.390473738741190601e+01 -7.474747068994590293e+00
2.525359448389927053e+01 4.422911979480644362e+01 -1.657899279258384340e+01
2.422394458512998128e+01 4.812552616422787821e+01 -1.299459028227033386e+01
2.518925289750503893e+01 5.385422502765202069e+01 -1.657899279258384340e+01
3.497534322703729259e+01 5.866677793282796216e+01 -7.474747068994590293e+00
4.268614481295716701e+01 7.796750071015347316e+01 3.584402510313509538e+00
4.361928233129862065e+01 8.850875231512678454e+01 -1.935440371187737263e+00
0.000000000000000000e+00 0.000000000000000000e+00 0.000000000000000000e+00
5.874438578226777175e+00 5.728699152177277654e+00 -2.765760651997204889e+01
5.777926200565646653e+00 2.016635671269249386e+01 -3.676185224356130021e+01
5.745755405438265129e+00 2.497890961786845310e+01 -2.765760651997204889e+01
3.766979039487042158e+00 2.502942192950279576e+01 -1.659845694066395083e+01
-4.072505719221371834e+00 2.497890961786841757e+01 1.657899312435833394e+01
-1.238663753551728419e+00 3.946707953814348713e+01 -5.539306697806857471e+00
-4.169018096882541435e+00 3.941656717838363022e+01 -1.464355242139611057e+01
-5.182486153225410952e+00 4.519577876732160604e+01 -2.211829982216519852e+01
6.757708790530054799e-01 4.904167241122913623e+01 -3.871675676282914935e+01
8.354401817119436302e+00 7.315494809373061003e+01 -3.676185224356130732e+01
0.000000000000000000e+00 0.000000000000000000e+00 0.000000000000000000e+00
8.804793070761745000e+00 5.779211223184010038e+00 7.474746737220095305e+00
1.377826536675971525e+01 -3.845894009661581237e+00 5.519843213275744453e+00
1.474357323486805349e+01 1.882805219516562545e+00 1.935440039413241387e+00
9.721748745068259367e+00 1.443765784926834783e+01 1.935440039413241387e+00
2.541444874250250763e+01 2.016635700144561838e+01 7.474746737220096193e+00
2.828046135248682447e+01 2.984197454592552390e+01 1.657899279258384695e+01
2.531793636484132648e+01 3.460401456196080971e+01 1.657899279258384695e+01
2.034446421611724887e+01 4.422911979480637967e+01 -3.584402510313509538e+00
3.306090888930202709e+01 4.909218501161664960e+01 -3.584402510313507761e+00
3.994881567030915903e+01 4.904167269998229983e+01 5.519843213275743565e+00
0.000000000000000000e+00 0.000000000000000000e+00 0.000000000000000000e+00
1.960435145419191016e+01 4.812552905175946805e+00 -1.301405409857594186e+01
2.734732383491748919e+01 1.930072282545103235e+01 -3.317745039679678598e+01
3.433174314118137715e+01 4.812552905175934370e+00 -3.317745039679678598e+01
3.331827479273565729e+01 1.059176412835995507e+01 -4.065219713401688040e+01
2.834480293855941113e+01 2.021686936120554634e+01 -2.765760685174654299e+01
2.929392940606303952e+01 2.406276337086709560e+01 -1.301405409857594009e+01
2.813559633643545865e+01 4.720937991722654203e+01 -1.659845727243844493e+01
3.199908819894416467e+01 5.780114375683335481e+01 9.104245723589251327e+00
3.285170243413030278e+01 7.608469561576330875e+01 -7.474747400769089722e+00
4.860874372341098137e+01 7.218828953509499513e+01 9.104245723589251327e+00
0.000000000000000000e+00 0.000000000000000000e+00 0.000000000000000000e+00
4.876959914798054463e+00 4.812552857050398813e+00 3.317745039679677888e+01
2.010947157539827224e+00 -4.863064687429535127e+00 4.228169612038603020e+01
1.914434779878688708e+00 9.574592873085689959e+00 3.317745039679677888e+01
5.729574151592776943e+00 2.309610447535267497e+01 2.763814336721542730e+01
4.587422777632464310e+00 4.812552616422787821e+01 4.228169612038603020e+01
9.400040811488432624e+00 6.256318425412388962e+01 5.334084569969412826e+01
1.427700072950357502e+01 6.737573662991906076e+01 4.228169612038602310e+01
1.918613114455947510e+01 6.737573662991906076e+01 4.423659964433037572e+01
3.484666005424876545e+01 7.791698839851913760e+01 3.676185290711028131e+01
4.363527172228255324e+01 8.181339471981503664e+01 3.317745039679677177e+01
0.000000000000000000e+00 0.000000000000000000e+00 0.000000000000000000e+00
5.922598912384062331e+00 -5.779211463811668281e+00 1.659845694066394373e+01
5.858257325989795206e+00 3.845893769033907006e+00 3.871675676282913514e+01
1.179703749061084217e+01 -5.051231163436931126e-02 3.317745006502228478e+01
1.914434779556938082e+00 9.574592921211221963e+00 3.317745006502228478e+01
4.844789123209450210e+00 9.625105232845564629e+00 2.407320434143303345e+01
1.960435145773065457e+01 4.812552375795123183e+00 -9.104246055363759638e+00
1.459870866147482005e+01 1.925021046569113281e+01 1.954904519267831375e+00
2.060183056137259427e+01 5.728698911549642503e+00 1.853389731185167122e+01
1.966869304412493236e+01 -4.812552857050469868e+00 1.301405376680143178e+01
2.177615258318638780e+01 -2.411327568250151643e+01 2.407320434143302279e+01
0.000000000000000000e+00 0.000000000000000000e+00 0.000000000000000000e+00
-9.009664314329350887e-01 -1.535380409626976039e+01 -3.584402510313508650e+00
-9.974788110243304473e-01 -9.161462470013770343e-01 -5.519842881501246801e+00
8.869134360163204889e+00 -3.845893643907581705e+00 7.474747068994591181e+00
7.742972524460693506e+00 1.448817044965586298e+01 1.954904519267841145e+00
7.742972524460693506e+00 1.448817044965586298e+01 1.954904519267841145e+00
1.756123364912032159e+01 1.448817044965585410e+01 -2.016339530289735293e+01
1.752906285753173421e+01 1.930072282545100393e+01 -1.105914957930809983e+01
1.740037968474322838e+01 3.855093329114217937e+01 -1.105914957930809983e+01
2.234168089138773894e+01 3.373838091534700112e+01 0.000000000000000000e+00
2.338731974009129644e+01 2.314661683511254608e+01 -1.657899279258384695e+01
0.000000000000000000e+00 0.000000000000000000e+00 0.000000000000000000e+00
-2.930354343330805023e+00 -5.051235975990131521e-02 -9.104245723589253103e+00
-7.807314114393738791e+00 -4.863064687429544009e+00 -2.016339629822084589e+01
-4.973472295997996895e+00 9.625105232845557524e+00 -2.016339629822084589e+01
-1.284512784951208708e+01 1.438714577826162255e+01 -2.211829982216519852e+01
-9.882602711053905864e+00 9.625105232845520220e+00 -2.211829982216519852e+01
-1.004345667864810210e+01 3.368786855558710158e+01 -9.104245723589258432e+00
-4.153029001282898314e+00 3.272120970819818808e+01 -5.519843213275749783e+00
-5.102155468786524040e+00 2.887531569853662816e+01 -2.016339629822084945e+01
-1.400346091913966440e+01 3.753376232462096596e+01 -3.584403173862508396e+00
-9.158671648656259379e+00 4.715886755746652170e+01 -1.657899312435834815e+01
0.000000000000000000e+00 0.000000000000000000e+00 0.000000000000000000e+00
2.866012609984322168e+00 9.675617544479919729e+00 3.122254587752893684e+01
1.358524046030304255e+01 2.502942168887517482e+01 2.763814336721542730e+01
4.651764216752775738e+00 3.850042093138232246e+01 4.228169612038603020e+01
7.614289355210956067e+00 3.373838038596624500e+01 4.228169612038603020e+01
1.245907818387261656e+01 4.336348561881180075e+01 2.211829982216518786e+01
1.336004490740841355e+01 5.871729008083553936e+01 2.570270299602768915e+01
1.327952147858771426e+01 6.645959009416453966e+01 3.676185290711028841e+01
1.427700058222963975e+01 6.737573662991906076e+01 4.228169612038603020e+01
1.315083830579919066e+01 8.570980055985570800e+01 3.676185290711028841e+01
1.216954104348989496e+01 8.667645940724457887e+01 5.334084569969412826e+01
0.000000000000000000e+00 0.000000000000000000e+00 0.000000000000000000e+00
-2.069834249862752173e+01 8.708958860717867623e+00 -5.519842549726751812e+00
-1.588572446155447615e+01 2.314661646935861583e+01 -1.657899312435834105e+01
-1.484008561445945062e+01 1.255485262975178173e+01 0.000000000000000000e+00
-1.100876454675637461e+01 2.795916932640901464e+01 -5.519842549726750036e+00
-1.097659375195070197e+01 2.314661646935859096e+01 3.584403173862503067e+00
-1.004345667652478191e+01 3.368786823795869623e+01 -1.935440039413240498e+00
-1.113744771954488222e+01 4.720937979210017943e+01 -5.519842549726750036e+00
-1.506528116683930918e+01 4.624272094471131567e+01 -2.405373986157843547e+01
-5.263008992435629807e+00 5.293807870364983614e+01 -1.105914957930809983e+01
-3.860495183655112683e-01 5.775063139707345528e+01 -2.211829982216519852e+01
0.000000000000000000e+00 0.000000000000000000e+00 0.000000000000000000e+00
8.676109603425397054e+00 2.502942168887519259e+01 1.464355308494510055e+01
9.593065574209973079e+00 3.368786802620638099e+01 9.104246055363748980e+00
-2.573663455770560660e-01 3.850042093138231536e+01 2.211829982216519142e+01
1.727169651227640657e+01 5.780114370870784057e+01 3.317745039679678598e+01
1.918613114455945023e+01 6.737573662991906076e+01 4.423659964433038283e+01
1.236256580267267324e+01 5.780114370870781215e+01 5.334084569969412826e+01
9.528723987815720164e+00 4.331297325905192963e+01 5.334084569969412826e+01
1.339221570112026960e+01 5.390473738741189891e+01 4.975644318938061872e+01
1.928264352608107757e+01 5.293807849189747827e+01 5.334084569969412826e+01
1.236256580267265370e+01 5.780114370870774110e+01 5.334084569969412826e+01
0.000000000000000000e+00 0.000000000000000000e+00 0.000000000000000000e+00
-9.995296933071745826e+00 2.217995786259740143e+01 -9.123709871669356986e+00
-6.099634278974458645e+00 2.795916932640906083e+01 -1.464355242139610702e+01
-1.222674655507142383e+00 3.277172170220419645e+01 -3.584403173862506620e+00
-6.163975865368715112e+00 3.758427455925460947e+01 7.474747400769084393e+00
-5.118336869391230337e+00 2.699251047902014022e+01 1.935440371187733710e+00
8.847848835543219437e-01 1.347099887675310370e+01 7.474747400769083505e+00
8.526140884269390874e-01 1.828355178192906294e+01 1.657899312435833039e+01
4.732095048465533083e+00 2.217995786259734103e+01 -1.065814103640150279e-14
4.732095048465511766e+00 2.217995786259734814e+01 -1.065814103640150279e-14
2.536609610880911703e+01 2.309610410959870563e+01 5.519842881501235254e+00
0.000000000000000000e+00 0.000000000000000000e+00 0.000000000000000000e+00
-8.740451482758942348e+00 -1.540431669665728620e+01 -1.464355275317060823e+01
-9.657407157065437175e+00 -2.406276332274165242e+01 -9.104246055363752532e+00
-7.710801585919887735e+00 -1.930072277732556785e+01 -1.105914957930810338e+01
-2.898183401251215763e+00 -4.863065216810333879e+00 -3.552713678800500929e-15
1.978776365951230076e+00 -5.051231163438174576e-02 1.105915024285709158e+01
1.978776365951229188e+00 -5.051231163438174576e-02 1.105915024285709158e+01
1.978776365951257610e+00 -5.051231163439418026e-02 1.105915024285709158e+01
1.946605574684392437e+00 4.762040016035227197e+00 1.954904519267838481e+00
9.721748746676844632e+00 1.443765760864064696e+01 1.301405376680143888e+01
9.657407160282581060e+00 2.406276284148623645e+01 1.301405376680143888e+01
0.000000000000000000e+00 0.000000000000000000e+00 0.000000000000000000e+00
-7.646459999525648144e+00 -2.892582801017112359e+01 -1.105914957930810694e+01
-1.852654181422148838e+01 -2.021686931308004631e+01 -1.657899279258385050e+01
-1.765774588336809003e+01 -5.051231163434266591e-02 -1.105914957930810694e+01
-1.479173312610983260e+01 9.625105232845568182e+00 -2.016339530289736004e+01
-9.882602711053934286e+00 9.625105232845545089e+00 -2.211829982216520207e+01
-9.062159414730295737e+00 3.272120946757065951e+01 -3.676185257533580852e+01
-1.608539643771607075e-01 2.406276284148628974e+01 -3.122254587752895461e+01
-5.102155174238742319e+00 2.887531569853668145e+01 -2.016339530289736359e+01
-3.217079319713658236e-01 4.812552616422785690e+01 -2.211829982216520563e+01
-5.134325965827329696e+00 3.368786807433182418e+01 -1.105914957930811049e+01
0.000000000000000000e+00 0.000000000000000000e+00 0.000000000000000000e+00
-4.796436634345063510e+00 -1.255485270675264786e+01 -2.220446049250313081e-16
-5.826086090970906461e+00 -8.658446385456757710e+00 -3.584402510313509538e+00
-4.941301060979093052e+00 4.812552616422760110e+00 -1.105914991108259926e+01
1.368175298555983943e+01 1.059176408023439464e+01 -4.782100215464390658e+01
1.364958219397125916e+01 1.540431645602953381e+01 -3.871675643105465525e+01
1.459870880874879973e+01 1.925021046569109018e+01 -5.336030918422525815e+01
1.947566828333365052e+01 2.406276308211386095e+01 -4.230115960491716010e+01
1.556401682657600816e+01 2.497890932911520423e+01 -4.977590667391175572e+01
1.833351705503869056e+01 4.909218501161667092e+01 -4.977590667391176282e+01
1.939533774616868200e+01 4.038322615089879974e+01 -3.317744973324781199e+01
