0.000000000000000000e+00 0.000000000000000000e+00 0.000000000000000000e+00
-1.061820691129994554e+00 8.708958860717846306e+00 5.519842881501245913e+00
-9.995296933071729839e+00 2.217995786259736235e+01 -9.123709871669360538e+00
-4.185199646691385666e+00 3.753376224762026681e+01 -3.584403173862505732e+00
-1.930247591827947140e-01 2.887531569853674540e+01 -2.664535259100375697e-15
-9.995296933071735168e+00 2.217995786259734459e+01 1.299458995049583621e+01
8.526140884269537423e-01 1.828355178192906294e+01 -5.539306697806857471e+00
-2.251955518651982402e-01 3.368786823795868202e+01 1.935440371187734598e+00
-4.217370437958274820e+00 4.234631457528986687e+01 5.519842881501242360e+00
-1.012398010586026587e+01 4.143016832828850937e+01 1.299458995049583443e+01
-9.158671795415479266e+00 4.715886748046582255e+01 1.657899312435833750e+01
0.000000000000000000e+00 0.000000000000000000e+00 0.000000000000000000e+00
-1.548349324803637828e+01 -3.272120970819834440e+01 5.519843213275743565e+00
-1.561217642082491608e+01 -1.347099924250718672e+01 2.763814303544093320e+01
-1.567651800721918676e+01 -3.845894009661606106e+00 2.763814303544093320e+01
-8.756440434623456781e+00 -8.708958697091128798e+00 2.763814303544093320e+01
6.434158639427423054e-02 -9.625105232845658776e+00 2.211829982216519142e+01
-4.876959474584841914e+00 -4.812552616422863139e+00 3.317744973324779068e+01
-8.756440434623399938e+00 -8.708958697091137680e+00 2.763814303544093676e+01
-1.363340020182582890e+01 -1.352151160226708981e+01 3.869729261474903836e+01
-4.892949014451176026e+00 1.882805219516539452e+00 2.405373986157843547e+01
-1.369774178822010668e+01 -3.896406369421502092e+00 1.657899279258384340e+01
0.000000000000000000e+00 0.000000000000000000e+00 0.000000000000000000e+00
1.958836250586617922e+01 1.150791037536132322e+01 -1.105914957930810161e+01
1.062271547104902680e+01 2.979146194553809934e+01 -5.519842549726751812e+00
1.052620308952738526e+01 4.422912008355964275e+01 3.584403173862499514e+00
9.560894779082573791e+00 3.850042093138232957e+01 -3.552713678800500929e-15
1.846220022943569461e+01 2.984197430529796691e+01 5.539306697806851254e+00
1.456653801555159689e+01 2.406276308211392845e+01 1.105915024285709336e+01
1.941132669693931945e+01 3.368786831495950196e+01 2.018285978275195447e+01
1.945967933307762721e+01 3.075812084105243827e+01 1.105915024285709514e+01
3.421924151820164184e+01 2.594556830163045191e+01 2.211829982216519497e+01
3.809872247875497209e+01 2.984197430529788519e+01 2.765760651997204889e+01
0.000000000000000000e+00 0.000000000000000000e+00 0.000000000000000000e+00
8.901305303079240616e+00 -8.658446626084352005e+00 -2.765760651997204889e+01
6.067463337409579438e+00 -2.314661654635944643e+01 -2.765760651997204889e+01
8.997817681062102224e+00 -2.309610423472510732e+01 -3.676185224356130021e+01
5.118336869905942166e+00 -2.699251055602104543e+01 -4.230115927314265178e+01
1.287015947868258792e+00 -4.239682701205067161e+01 -4.782100281819289478e+01
1.383528329389889677e+00 -5.683448515007221857e+01 -3.871675676282914935e+01
1.319186742995608341e+00 -4.720937991722664151e+01 -3.871675676282914935e+01
1.254845156601339440e+00 -3.758427468438105734e+01 -3.871675676282914935e+01
-3.654285405728508351e+00 -3.758427468438107155e+01 -5.888015206572650584e+01
-3.654285405728513680e+00 -3.758427468438106445e+01 -5.888015206572650584e+01
0.000000000000000000e+00 0.000000000000000000e+00 0.000000000000000000e+00
1.361741139916556875e+01 2.021686931308001789e+01 -2.570270233247870095e+01
2.340350173223661656e+01 2.502942168887517482e+01 -3.871675643105464104e+01
3.325393364848486044e+01 2.021686931307998947e+01 -2.570270233247870095e+01
2.831263214729254685e+01 2.502942168887515351e+01 -1.464355308494509700e+01
3.325393364848488886e+01 2.021686931307998947e+01 -2.570270233247870095e+01
3.035575009995974938e+01 1.535380409626969822e+01 -2.570270233247870095e+01
3.029140851356548225e+01 2.497890932911524686e+01 -2.570270233247870095e+01
3.032357930483238562e+01 2.016635700144557575e+01 -1.659845660888944963e+01
2.918142807814596296e+01 4.519577869032077899e+01 -9.123709539894857556e+00
3.306090888930209104e+01 4.909218501161667092e+01 -2.570270233247870451e+01
0.000000000000000000e+00 0.000000000000000000e+00 0.000000000000000000e+00
5.938780166229573609e+00 -3.896406321295908803e+00 -1.657899279258385050e+01
9.651238119993443831e-02 -1.443765808989601496e+01 -3.122254587752895105e+01
-4.844788828661656055e+00 -9.625105232845609038e+00 -2.016339530289736004e+01
-4.876959620250248761e+00 -4.812552857050444999e+00 -1.105914957930810516e+01
-8.804793069153227236e+00 -5.779211463811705585e+00 -1.464355275317060823e+01
5.037813882392253362e+00 -1.925021046569124650e+01 -2.016339530289735649e+01
2.107459538739758109e+00 -1.930072277732559627e+01 -1.105914957930810516e+01
7.048760896196959003e+00 -2.411327568250154840e+01 -2.211829982216519852e+01
6.984419309802695430e+00 -1.448817044965598022e+01 -2.211829982216519852e+01
1.084791102310724575e+01 -3.896406321296018049e+00 -2.570270233247870806e+01
0.000000000000000000e+00 0.000000000000000000e+00 0.000000000000000000e+00
-1.061820690036183734e+00 8.708958697091066625e+00 -5.519843213275743565e+00
3.847310166841470647e+00 8.708958697091066625e+00 -3.676185257533579431e+01
3.622114614461535709e+00 4.239682701205062187e+01 -3.869729294652353246e+01
8.547426725184669394e+00 4.427963215456637869e+01 -3.676185257533579431e+01
3.654285407658621310e+00 3.758427439562780847e+01 -3.676185257533579431e+01
9.625236365476787626e+00 2.887531569853673119e+01 -4.423659964433038283e+01
1.450219613653973916e+01 3.368786802620635257e+01 -5.529574988718747619e+01
1.242690753634077971e+01 4.817603847586220667e+01 -5.334084536791964126e+01
1.245907833114643815e+01 4.336348561881177943e+01 -4.423659964433039704e+01
1.941132669886953011e+01 3.368786802620630283e+01 -5.334084536791964837e+01
0.000000000000000000e+00 0.000000000000000000e+00 0.000000000000000000e+00
1.361741140077407586e+01 2.021686907245242182e+01 3.584403173862503067e+00
1.451837768248813276e+01 3.557067353447616398e+01 2.211829982216519142e+01
5.745755699986082377e+00 2.497890961786848862e+01 5.539306697806850366e+00
2.824829055928968558e+01 3.465452716234841546e+01 1.464355275317059935e+01
2.528576557164419825e+01 3.941656717838367285e+01 -7.474747068994599175e+00
2.031229342292011353e+01 4.904167241122926413e+01 -2.763814237189195566e+01
2.324264776625092210e+01 4.909218477098911393e+01 -1.853389664830270078e+01
2.525359477651681317e+01 4.422912008355960012e+01 -1.657899312435834815e+01
2.021578104139845777e+01 6.347933054925076846e+01 3.584403173862497738e+00
2.018361025013157217e+01 6.829188287692041115e+01 -5.519842549726755365e+00
0.000000000000000000e+00 0.000000000000000000e+00 0.000000000000000000e+00
-1.013468053897879528e+00 5.779211223184002932e+00 7.474746737220095305e+00
-3.847309872293637412e+00 -8.708958697091135903e+00 7.474746737220096193e+00
1.029649898769304350e+00 -3.896406369421509197e+00 -3.584402510313507761e+00
4.860970523814169830e+00 1.150791045236210408e+01 1.935440039413242275e+00
4.748276890892016766e+00 2.406276308211388226e+01 1.105914991108259926e+01
2.541444874250252184e+01 2.016635700144560417e+01 2.959304655938529294e+01
2.337133093743096879e+01 2.984197454592553811e+01 4.065219713401688750e+01
2.831263214729254329e+01 2.502942168887510377e+01 5.171134638155049146e+01
3.328610444329054019e+01 1.540431645602951427e+01 7.187474267977134446e+01
3.048443327274826231e+01 -3.896406369421532290e+00 6.277049695618209313e+01
0.000000000000000000e+00 0.000000000000000000e+00 0.000000000000000000e+00
1.265210308679051998e+01 1.448817044965584699e+01 0.000000000000000000e+00
7.775143171992458413e+00 9.675617592605416206e+00 -1.105915057463159101e+01
4.941301353596722734e+00 -4.812552327669695984e+00 -1.105915057463159101e+01
8.836963862028650141e+00 9.666588955143318174e-01 -5.539307029581349795e+00
1.271644467318478533e+01 4.863065216810230851e+00 0.000000000000000000e+00
1.001128588384244722e+01 -2.887531569853684843e+01 0.000000000000000000e+00
1.762557508824069430e+01 4.863065216810209535e+00 -1.954904519267842034e+00
1.963652224931927748e+01 -9.059419880941277370e-14 -8.881784197001252323e-16
2.444914043012746419e+01 1.443765813802144216e+01 -3.317745039679678598e+01
2.932610020119039618e+01 1.925021046569107597e+01 -4.423659964433038994e+01
0.000000000000000000e+00 0.000000000000000000e+00 0.000000000000000000e+00
-9.946944297448167660e+00 1.925021046569115413e+01 8.881784197001252323e-16
-1.202223289410832763e+01 3.373838038596625211e+01 2.016339629822084589e+01
-1.001128588384242235e+01 2.887531569853673119e+01 2.211829982216519852e+01
-6.099634425154524919e+00 2.795916916278219944e+01 1.464355308494510410e+01
3.606125369143018844e+00 4.909218484798995519e+01 3.584403173862504843e+00
-7.177444065446678678e+00 4.336348561881177943e+01 -2.211829982216519497e+01
-1.108909581868241290e+01 4.427963215456627211e+01 -7.474746737220094417e+00
-5.166496907906866554e+00 3.850042093138223720e+01 -1.954903523944350852e+00
-5.198667699173758372e+00 4.331297325905187279e+01 1.105915057463158568e+01
-1.004345667510930440e+01 3.368786802620624599e+01 9.104246055363743650e+00
0.000000000000000000e+00 0.000000000000000000e+00 0.000000000000000000e+00
1.077809934840005202e+00 -1.540431645602962263e+01 7.474746737220095305e+00
4.816033254878115955e-02 -1.150791037536136052e+01 1.105914991108259926e+01
8.885124049233745325e+00 -1.054125176860013724e+01 5.519843213275745342e+00
5.954769705902942079e+00 -1.059176412836002790e+01 -3.584402510313507761e+00
1.109980729967388058e+00 -2.021686936120562095e+01 -5.539307029581350683e+00
1.109980729967388058e+00 -2.021686936120565647e+01 -5.539307029581351571e+00
8.981636427216605156e+00 -2.497890937724096361e+01 -3.584402510313509538e+00
1.485607515432583625e+01 -1.925021046569131400e+01 -9.123709539894859333e+00
1.873555596548199276e+01 -1.535380414439542918e+01 -3.584402510313509538e+00
2.460999469259123629e+01 -9.625105232845760028e+00 -3.124200936206006318e+01
0.000000000000000000e+00 0.000000000000000000e+00 0.000000000000000000e+00
-1.868739548482284007e+01 3.845893643907547954e+00 -7.474747068994593846e+00
-2.340350128796984563e+01 -2.502942205462924363e+01 -2.763814237189195211e+01
-3.322176241262946661e+01 -2.502942205462924363e+01 -5.519842549726760694e+00
-3.822740535648092930e+01 -1.059176391660769490e+01 -1.657899312435835171e+01
-2.554313162183696306e+01 -9.161463721277609551e-01 -7.474747068994602728e+00
-2.457782330978363206e+01 4.812552539421913522e+00 -1.105914957930811227e+01
-3.045226203689286848e+01 -9.161463721277716132e-01 -2.763814237189195921e+01
-3.322176241262947372e+01 -2.502942205462927205e+01 -2.763814237189195921e+01
-3.325393320775685169e+01 -2.021686914945332347e+01 -4.065219647046789930e+01
-3.816306377008666573e+01 -2.021686914945332347e+01 -3.869729294652354668e+01
0.000000000000000000e+00 0.000000000000000000e+00 0.000000000000000000e+00
-5.970950958911988238e+00 8.708958860717856965e+00 -7.474747068994592070e+00
-1.578921208357162342e+01 8.708958860717856965e+00 -2.959304689115979059e+01
-1.582138287516021613e+01 1.352151123651302100e+01 -3.869729294652353957e+01
-1.496876878724798310e+01 3.180506309544294652e+01 -4.423659964433039704e+01
-1.403563126807007322e+01 4.234631457528989529e+01 -4.975644219405714352e+01
-1.400346047680319472e+01 3.753376224762025259e+01 -4.065219647046789220e+01
-1.496876878724797955e+01 3.180506309544291810e+01 -4.423659964433039704e+01
-1.884824945273874164e+01 2.790865701477463290e+01 -3.869729294652353957e+01
-1.878390786634447807e+01 1.828355178192903452e+01 -3.869729294652353957e+01
-8.965646741684844656e+00 1.828355178192902741e+01 -6.081559276868873098e+01
0.000000000000000000e+00 0.000000000000000000e+00 0.000000000000000000e+00
1.174322021813803296e+00 -2.984197459405118380e+01 5.539307029581349795e+00
-1.358524046030303012e+01 -2.502942168887522811e+01 1.659845627711494842e+01
-9.653083120533381134e-01 -5.728698911549724215e+00 2.570270233247869740e+01
-3.895662508431934956e+00 -5.779211223184066881e+00 1.659845627711494842e+01
8.981635985394822441e+00 -2.497890937724092097e+01 4.782100215464389237e+01
1.492041615162438362e+01 -2.887531569853683777e+01 3.124200936206004542e+01
1.096041235134604896e+01 -2.502942168887528851e+01 3.676185257533578721e+01
8.917294399000557092e+00 -1.535380414439539720e+01 4.782100215464388526e+01
9.866420868112710352e+00 -1.150791037536147954e+01 5.529574922363847378e+01
-4.973472443271942822e+00 9.625105232845442060e+00 3.124200936206003476e+01
0.000000000000000000e+00 0.000000000000000000e+00 0.000000000000000000e+00
-1.142151226686427101e+00 2.502942168887519614e+01 7.474746737220098858e+00
-1.077809640292164417e+00 1.540431645602960131e+01 7.474746737220099746e+00
-3.943822249954789694e+00 5.728698863424122933e+00 1.657899279258384695e+01
-4.909130267781996793e+00 -3.375077994860475883e-14 1.299459028227033741e+01
-3.750797490771998532e+00 -2.314661683511265267e+01 1.657899279258384695e+01
8.052342882068641572e-02 -7.742300013329042940e+00 1.105914991108259926e+01
-4.973471854176256812e+00 9.625105232845534431e+00 3.511289010443552883e+01
-1.077809640292157312e+00 1.540431645602955335e+01 2.959304655938528938e+01
-1.089607076495181559e+01 1.540431645602955690e+01 2.959304655938528938e+01
-5.954769263759478015e+00 1.059176408023438221e+01 1.853389731185168543e+01
0.000000000000000000e+00 0.000000000000000000e+00 0.000000000000000000e+00
-1.029649604221470671e+00 3.896406369421407945e+00 -2.570270233247870806e+01
-9.331372246300753126e-01 -1.054125147984698252e+01 -2.763814270366644621e+01
-1.068705676289544648e+01 -2.016635671269256846e+01 -4.975644252583164473e+01
3.123378955239688892e+00 -2.882480333877692402e+01 -7.545914552185934099e+01
3.123378955239688892e+00 -2.882480333877692402e+01 -7.545914552185934099e+01
3.123378955239688892e+00 -2.882480333877692402e+01 -7.545914552185934099e+01
5.198667699173760148e+00 -4.331297325905204332e+01 -5.529574922363849510e+01
-4.619593425485873261e+00 -4.331297325905204332e+01 -5.529574922363849510e+01
-6.917604189193724551e-01 -4.234631457528998055e+01 -5.888015239750099994e+01
-2.034446392156942807e+01 -4.422911979480657152e+01 -4.782100215464390658e+01
0.000000000000000000e+00 0.000000000000000000e+00 0.000000000000000000e+00
-4.153028557016174460e+00 3.272120934244431822e+01 1.659845727243844493e+01
-5.069984233252926131e+00 2.406276300511311206e+01 1.105915024285709336e+01
-4.024345384227661526e+00 1.347099887675309660e+01 -5.519842549726753589e+00
-6.035292545306258916e+00 1.833406409356338429e+01 1.464355275317059579e+01
-1.094442296036218032e+01 1.833406409356337363e+01 1.659845727243843783e+01
-9.898783964384703538e+00 7.742300013328911490e+00 1.105915024285708625e+01
9.169559693690239044e-01 8.658446549083425481e+00 5.539306697806842372e+00
-8.933475946557488001e+00 1.347099887675303975e+01 1.464355275317059224e+01
-1.002746713717324667e+01 2.699251047902005496e+01 1.105915024285708270e+01
-1.254845008491077607e+00 3.758427455925450289e+01 1.659845727243843072e+01
0.000000000000000000e+00 0.000000000000000000e+00 0.000000000000000000e+00
-8.659928055032068528e+00 -2.314661654635948551e+01 3.584403173862499514e+00
-3.750797492702249158e+00 -2.314661654635949617e+01 -1.657899312435834105e+01
1.093991483233312856e+00 -1.352151131351393865e+01 3.584403173862504843e+00
8.881784197001252323e-16 -8.704148513061227277e-14 1.776356839400250465e-15
4.835263562356661993e-02 -2.929747396906289492e+00 9.123709871669358762e+00
-8.526140879122294791e-01 -1.828355185893003565e+01 5.539306697806856583e+00
-8.692098846298938142e+00 -1.833406421868991742e+01 -5.519842549726747372e+00
-2.829645030435133890e+01 -2.314661654635957433e+01 -1.853389664830268657e+01
-2.341949053328841046e+01 -1.833406421868996006e+01 -2.959304689115977993e+01
-1.466304980604737551e+01 -9.625105232845754699e+00 -3.511288977266102762e+01
0.000000000000000000e+00 0.000000000000000000e+00 0.000000000000000000e+00
1.075139864190729533e+01 1.054125176860011059e+01 5.519843213275743565e+00
5.874438874704823732e+00 5.728698863424147802e+00 -5.539307029581351571e+00
1.361741139916551901e+01 2.021686931308001789e+01 -3.584402510313510426e+00
3.799150274505883829e+00 2.021686931308001078e+01 -3.584402510313510426e+00
2.557530271041837011e+01 -3.896406369421466565e+00 -5.539307029581357789e+00
3.067745803193097487e+01 -3.277172206795823683e+01 1.853389731185167477e+01
4.913965825943643040e+01 -2.929747473907092115e+00 1.299459028227032320e+01
4.527616654613186853e+01 -1.352151160226706672e+01 -5.539307029581365782e+00
5.305130986539822402e+01 -3.845894009661606106e+00 -1.659845660888947094e+01
6.280522940366359563e+01 5.779211223183988722e+00 -3.871675643105466236e+01
0.000000000000000000e+00 0.000000000000000000e+00 0.000000000000000000e+00
-3.847309872293643629e+00 -8.708958697091061296e+00 2.959304655938529649e+01
-9.753919538265387601e+00 -9.625105232845582393e+00 4.423659964433039704e+01
-3.782968285899396932e+00 -1.833406392993665435e+01 2.959304655938529649e+01
-4.796436634345125682e+00 -1.255485270675261411e+01 2.211829982216520207e+01
-1.472739139244166040e+01 1.776356839400250465e-14 3.511289010443553593e+01
3.927833447294396763e+00 9.666588473888499955e-01 4.065219713401688750e+01
3.927833447294427849e+00 9.666588473888361177e-01 4.065219713401688750e+01
8.052342882068952434e-02 -7.742300013329034947e+00 3.317744973324779778e+01
-4.941301060979140125e+00 4.812552616422752116e+00 3.317744973324779778e+01
-3.943822249954799020e+00 5.728698863424104282e+00 1.657899279258384695e+01
0.000000000000000000e+00 0.000000000000000000e+00 0.000000000000000000e+00
-1.854253076415570334e+01 -1.352151160226704008e+01 1.853389731185168543e+01
-2.454565251710125295e+01 -3.375077994860475883e-14 1.299459028227033386e+01
-1.472739139244163376e+01 -3.330669073875469621e-14 3.511289010443552172e+01
-1.076738759216328489e+01 -3.845894009661603885e+00 2.959304655938527873e+01
-1.077809640292180404e+00 1.540431645602957822e+01 2.959304655938527873e+01
-1.142151226686443977e+00 2.502942168887515706e+01 2.959304655938527873e+01
-5.954769263759483344e+00 1.059176408023439109e+01 1.853389731185167477e+01
-1.580520118000771745e+01 1.540431645602955335e+01 2.763814303544092255e+01
-1.092824155975750244e+01 2.021686931307995394e+01 3.869729261474902415e+01
-1.873555552333854379e+01 1.535380409626963960e+01 1.853389731185166767e+01
0.000000000000000000e+00 0.000000000000000000e+00 0.000000000000000000e+00
1.930247591827765063e-01 -2.887531569853677027e+01 2.211829982216519142e+01
1.158332627291072781e+00 -2.314661646935861228e+01 1.853389664830268657e+01
-2.705158792881152685e+00 -3.373838038596628053e+01 2.211829982216519142e+01
1.238663753551711544e+00 -3.946707953814360792e+01 5.539306697806850366e+00
-3.734808689720200192e+00 -2.984197430529804507e+01 1.853389664830268657e+01
-3.815139226885157164e+00 -1.352151123651307074e+01 2.765760651997204178e+01
-3.782968433173317102e+00 -1.833406392993671119e+01 2.959304689115977993e+01
-7.710801732872160308e+00 -1.930072282545111051e+01 3.317744940147328947e+01
-3.782968433173374834e+00 -1.833406392993675382e+01 2.959304689115977993e+01
-1.258776150393514115e+01 -2.411327515312078873e+01 4.423659964433038283e+01
0.000000000000000000e+00 0.000000000000000000e+00 0.000000000000000000e+00
7.775143172314161077e+00 9.675617544479896637e+00 -1.105915024285709514e+01
6.434158639426890147e-02 -9.625105232845632131e+00 -1.776356839400250465e-15
-2.010947157539801466e+00 4.863064687429456967e+00 1.954903523944349963e+00
-1.045638847609758670e+00 1.059176391660758298e+01 5.539306697806853030e+00
3.863491420172193713e+00 1.059176391660757588e+01 -3.584403173862503955e+00
-9.653083104448327845e-01 -5.728699152177419762e+00 1.853389664830268657e+01
3.026866724852427915e+00 -1.438714577826180729e+01 2.211829982216519142e+01
-4.716105803147040199e+00 -2.887531569853691238e+01 2.407320334610954404e+01
3.091208311246693263e+00 -2.401225101110740923e+01 2.211829982216519142e+01
1.608539679159033398e-01 -2.406276337086728034e+01 1.301405409857593831e+01
0.000000000000000000e+00 0.000000000000000000e+00 0.000000000000000000e+00
9.491267644964027639e-01 3.845893643907544401e+00 -7.474747068994593846e+00
3.782968579353343408e+00 1.833406409356341982e+01 -7.474747068994594734e+00
5.729574154037678113e+00 2.309610410959871629e+01 -5.519842549726754477e+00
4.748276891406676192e+00 2.406276300511310495e+01 1.105915024285708625e+01
-9.029988328079152637e+00 2.790865701477466843e+01 2.765760651997204178e+01
-5.150507662588390545e+00 3.180506309544294297e+01 2.211829982216518786e+01
-9.062159119346036462e+00 3.272120934244430401e+01 3.676185257533579431e+01
-9.062159119346036462e+00 3.272120934244427559e+01 3.676185257533579431e+01
-5.069984233252959882e+00 2.406276300511305166e+01 3.317745006502228478e+01
-8.997817532951772890e+00 2.309610410959866300e+01 5.888015239750098573e+01
0.000000000000000000e+00 0.000000000000000000e+00 0.000000000000000000e+00
-6.887906928602737011e+00 5.051235975983914273e-02 -9.104246055363748980e+00
-1.179703734365866907e+01 5.051235975984091908e-02 -1.105914957930809983e+01
-1.570868894962048046e+01 9.666588955143575745e-01 -3.584402510313507761e+00
-1.472739168698947942e+01 -3.241851231905457098e-14 -2.016339530289735649e+01
-1.088008152207826562e+01 8.708958985844189371e+00 -2.763814270366644621e+01
-9.850431919787041579e+00 4.812552905175914830e+00 -3.122254587752894750e+01
-6.067463633887669516e+00 2.314661683511256740e+01 -3.869729261474904547e+01
-1.485607485977800835e+01 1.925021046569113281e+01 1.954904519267842034e+00
-1.001128588384245788e+01 2.887531569853671698e+01 2.211829982216519142e+01
-6.083452584143650199e+00 2.984197459405109143e+01 1.853389731185168188e+01
0.000000000000000000e+00 0.000000000000000000e+00 0.000000000000000000e+00
1.976520542210780818e+01 -1.925021046569118255e+01 2.211829982216519142e+01
1.485607485977798348e+01 -1.925021046569119321e+01 4.228169512506254080e+01
1.479173327338371280e+01 -9.625105232845612591e+00 4.228169512506254080e+01
1.862305419297639020e+01 5.779211588937993582e+00 3.676185224356129311e+01
1.854253076415570334e+01 1.352151160226696724e+01 2.570270233247869385e+01
2.734732383491745722e+01 1.930072282545095419e+01 1.105914924753359330e+01
2.441696963886056793e+01 1.925021046569106886e+01 2.016339530289734228e+01
3.426740155478707095e+01 1.443765813802142794e+01 1.105914924753359330e+01
3.697256020039427682e+01 4.817603852398770670e+01 1.105914924753359330e+01
3.203125899053270587e+01 5.298859138103812683e+01 2.211829982216518431e+01
0.000000000000000000e+00 0.000000000000000000e+00 0.000000000000000000e+00
-9.802272174403682925e+00 -6.695357758938566661e+00 9.123709539894859333e+00
3.911651605961797173e+00 -9.161465357545672816e-01 1.464355275317060290e+01
-3.863491713304570752e+00 -1.059176412836003500e+01 3.584402510313507761e+00
9.491264675036079623e-01 3.845894009661508406e+00 -7.474747068994593846e+00
3.815139224761859182e+00 1.352151155414142991e+01 -1.657899279258384695e+01
3.911651605961820266e+00 -9.161465357545885979e-01 -7.474747068994593846e+00
1.598895025596069885e-02 -6.695357758938609294e+00 -1.299459028227033741e+01
-3.895662508431918081e+00 -5.779211223184104185e+00 -5.519843545050242106e+00
3.847310019567561579e+00 8.708958697090993795e+00 1.464355275317060290e+01
8.692098848229209196e+00 1.833406392993656908e+01 1.659845627711495553e+01
0.000000000000000000e+00 0.000000000000000000e+00 0.000000000000000000e+00
1.077809937284966324e+00 -1.540431682178362749e+01 1.464355275317060290e+01
1.206493110073493469e+00 -3.465452728747480649e+01 1.464355275317060290e+01
-7.079415225312581939e-01 -4.422912016056053375e+01 3.584403173862499514e+00
1.013996905663095305e+01 -4.812552616422796348e+01 -2.211829982216519852e+01
2.364468638266112066e+01 -1.535380446202375992e+01 -1.657899312435834460e+01
2.077867377299849849e+01 -2.502942205462924363e+01 -7.474747068994595622e+00
1.099258343960574535e+01 -2.984197438229888633e+01 -1.657899312435834460e+01
5.986940499614775923e+00 -1.540431682178368078e+01 -5.519842549726753589e+00
8.885124048139907416e+00 -1.054125160497338598e+01 -5.519842549726754477e+00
1.002727542370877600e+01 -3.557067353447622793e+01 9.123709871669348104e+00
0.000000000000000000e+00 0.000000000000000000e+00 0.000000000000000000e+00
4.812618180808174273e+00 1.443765813802152209e+01 1.105915024285708981e+01
1.466305010059519098e+01 9.625105232845566405e+00 2.407320434143302634e+01
1.366557099502301753e+01 8.708958985844187595e+00 2.959304689115977638e+01
9.753919538265366285e+00 9.625105232845548642e+00 4.423659964433038283e+01
8.724269934043871189e+00 1.352151160226699034e+01 4.065219713401687329e+01
2.741166556858560810e+01 9.675617592605444628e+00 3.317745006502227767e+01
2.359652634170046070e+01 -3.845893643907578152e+00 3.871675676282913514e+01
2.951912496037314071e+01 -9.625105232845617920e+00 2.211829982216518431e+01
2.757251953296272262e+01 -1.438714524888093038e+01 1.954904519267827823e+00
1.986171779976891827e+01 -3.368786802620645915e+01 1.301405376680142822e+01
0.000000000000000000e+00 0.000000000000000000e+00 0.000000000000000000e+00
9.689577951871100936e+00 1.925021046569115768e+01 -1.776356839400250465e-15
9.528723987493998848e+00 4.331297330717748650e+01 9.104245723589251327e+00
9.625236365476858680e+00 2.887531569853672408e+01 -1.776356839400250465e-15
-4.008163983944649900e+00 1.535380414439523378e+01 1.657899279258383984e+01
-5.037813882392246256e+00 1.925021046569113636e+01 2.016339530289734938e+01
-1.930247591827765063e-01 2.887531569853670277e+01 2.211829982216519142e+01
1.450219598894415896e+01 3.368786807433188812e+01 1.105914924753360040e+01
1.447002519413848631e+01 3.850042093138230825e+01 -1.954904519267847363e+00
1.068705661478510471e+01 2.016635683781883870e+01 -1.659845727243845204e+01
-3.217079158857494292e-02 4.812552375795089432e+00 9.104245723589244221e+00
0.000000000000000000e+00 0.000000000000000000e+00 0.000000000000000000e+00
-9.169558215804203272e-01 -8.658446626084391085e+00 1.657899312435834105e+01
3.960003798669800013e+00 -3.845893769033994047e+00 5.519842881501245913e+00
6.035292546142676073e+00 -1.833406421868988900e+01 7.474747400769087946e+00
-4.828607427542227271e+00 -7.742300090329935713e+00 2.405374019335292957e+01
-9.818261124659644068e+00 -1.030286966852145270e-13 2.211829982216519142e+01
-9.753919538265380496e+00 -9.625105232845696079e+00 2.211829982216519142e+01
-5.826086531184151873e+00 -8.658446626084469244e+00 1.853389664830269012e+01
-3.686456200855812604e+00 -3.277172177920516560e+01 1.657899312435834105e+01
1.005963793037032517e+01 -3.180506309544309573e+01 1.299458995049583798e+01
4.957482903405546537e+00 -2.929747396906325463e+00 2.211829982216519497e+01
0.000000000000000000e+00 0.000000000000000000e+00 0.000000000000000000e+00
-4.716105803147055298e+00 -2.887531569853680935e+01 -1.954904519267842922e+00
-5.745755407368561052e+00 -2.497890932911540673e+01 -5.539307029581351571e+00
-1.817922401895879503e+00 -2.401225048172655363e+01 -1.954904519267843810e+00
2.994695929724990435e+00 -9.574592873085798317e+00 -1.301405409857594542e+01
4.056516177939438528e+00 -1.828355157017686849e+01 -1.853389731185168898e+01
-9.657407160604282836e+00 -2.406276279336089630e+01 -1.301405409857594542e+01
-2.061781951195035134e+01 9.666588955143105011e-01 -5.539307029581353348e+00
-3.423523076352027772e+01 -1.925021046569126071e+01 2.016339530289734938e+01
-2.642791665266533485e+01 -1.438714524888097301e+01 2.211829982216519142e+01
-3.035575009995977069e+01 -1.535380409626983678e+01 2.570270233247870095e+01
0.000000000000000000e+00 0.000000000000000000e+00 0.000000000000000000e+00
5.134326112779520557e+00 -3.368786802620643073e+01 1.105915024285709336e+01
1.004345667510934526e+01 -3.368786802620643073e+01 1.301405376680144599e+01
9.979115088715081683e+00 -2.406276279336083945e+01 1.301405376680144599e+01
1.888042024400565566e+01 -3.272120934244434665e+01 7.474747068994592070e+00
3.026866574039772217e+00 -1.438714524888089841e+01 4.423659964433038283e+01
8.997817532951767561e+00 -2.309610410959878379e+01 5.171134671332497135e+01
3.123378955239733301e+00 -2.882480333877695244e+01 3.513235358896663030e+01
-5.681414115522049002e+00 -3.460401456196099446e+01 2.765760685174653588e+01
-6.598369791437082910e+00 -4.326246094741772197e+01 -7.105427357601001859e-15
-5.536549100307089688e+00 -5.197141980813558604e+01 -5.519842881501253906e+00
0.000000000000000000e+00 0.000000000000000000e+00 0.000000000000000000e+00
-7.710801585919897505e+00 -1.930072277732552877e+01 -1.105914957930810161e+01
1.608539675941820235e-01 -2.406276332274161689e+01 -9.104246055363748980e+00
-7.614289204398268396e+00 -3.373838091534707928e+01 1.954904519267842034e+00
-7.646459999525649920e+00 -2.892582801017113781e+01 -1.105914957930809983e+01
1.608539675941678126e-01 -2.406276332274163110e+01 1.301405376680144421e+01
-2.769500228462739244e+00 -2.411327568250149866e+01 2.211829982216519142e+01
2.043117952345426147e+00 -9.675617544479962362e+00 -1.105914957930810516e+01
4.780447536815155551e+00 1.925021046569115768e+01 -2.016339530289735649e+01
-5.069984379433081223e+00 2.406276284148631461e+01 -1.105914957930810338e+01
-8.000338722763885357e+00 2.401225048172643639e+01 -2.016339530289735649e+01
0.000000000000000000e+00 0.000000000000000000e+00 0.000000000000000000e+00
-3.217079126687627522e-02 4.812552327669624930e+00 -9.104245723589253103e+00
3.960003800278381281e+00 -3.845894009661588342e+00 -5.519843213275744453e+00
-1.882263984751272101e+00 -1.438714577826171492e+01 -2.016339629822084589e+01
4.056516179355059037e+00 -1.828355178192917663e+01 -3.584403173862504843e+00
7.871655553514123049e+00 -4.762040545416148518e+00 1.954903523944349963e+00
1.377826492493803556e+01 -3.845894009661639412e+00 -5.519843213275744453e+00
9.753919538265421352e+00 9.625105232845504233e+00 -8.881784197001252323e-16
1.274861546831220238e+01 5.051231163423963721e-02 -9.104245723589254879e+00
4.941301357457252408e+00 -4.812552905176067597e+00 -1.105915024285709691e+01
8.724269641426371180e+00 1.352151131351373259e+01 -2.570270299602770336e+01
0.000000000000000000e+00 0.000000000000000000e+00 0.000000000000000000e+00
9.769962616701377556e-15 -1.909583602355269250e-14 -1.776356839400250465e-15
-1.946605574684310724e+00 -4.762040016035333778e+00 2.016339530289734938e+01
2.930354343330844102e+00 5.051235975981960280e-02 5.334084536791963416e+01
3.911651751305533331e+00 -9.161462470014196668e-01 5.888015206572649163e+01
2.801671170542340938e+00 1.930072282545098261e+01 7.545914519008482557e+01
2.769500375736663855e+00 2.411327568250139564e+01 6.635489946649556714e+01
4.876959767202508900e+00 4.812552905175873974e+00 5.529574889186397968e+01
1.466305010059525493e+01 9.625105232845513115e+00 6.439999494722772511e+01
1.865522498668832085e+01 9.666588955142945139e-01 6.081559243691421557e+01
1.855871260658219057e+01 1.540431682178350847e+01 3.676185224356127890e+01
0.000000000000000000e+00 0.000000000000000000e+00 0.000000000000000000e+00
-5.793915737987010317e+00 -1.347099924250717251e+01 -5.519843213275743565e+00
-1.459870851420091320e+01 -1.925021046569121097e+01 -2.016339629822084589e+01
4.088686973066900876e+00 -2.309610447535277444e+01 -2.763814303544094031e+01
-4.683935008019632917e+00 -3.368786860371276504e+01 -3.317745006502229188e+01
-1.753580811962744068e+00 -3.363735624395290813e+01 -4.228169612038604441e+01
-5.649243025846841348e+00 -3.941656746713693593e+01 -3.676185257533580142e+01
-1.753580811962744512e+00 -3.363735624395291524e+01 -4.228169612038604441e+01
9.979115092575554513e+00 -2.406276337086721639e+01 -3.122254554575445340e+01
9.013806780200528834e+00 -2.979146223429138374e+01 -2.763814303544094386e+01
2.292075531974881386e+01 -5.288756670964414042e+01 -3.552713678800500929e-15
0.000000000000000000e+00 0.000000000000000000e+00 0.000000000000000000e+00
2.348383226779300514e+01 8.708958860717828543e+00 7.474747400769087946e+00
2.451348172441884543e+01 4.812552539421897535e+00 3.317744973324779068e+01
1.968468199328709645e+01 -1.150791045236226751e+01 3.317744973324779068e+01
1.389076669712184042e+01 -2.497890969486942225e+01 1.657899312435834105e+01
1.892858028496625877e+01 -4.422912016056060480e+01 1.853389664830269368e+01
1.879989711217772452e+01 -2.497890969486942936e+01 4.065219647046788509e+01
1.395510828351607913e+01 -3.460401492771504195e+01 6.081559276868873098e+01
1.517778249720144146e+01 -6.737573662991924550e+01 5.723118959482622614e+01
1.519377203706780222e+01 -7.407109446585863566e+01 4.423659964433038283e+01
2.509255600196721048e+01 -8.181339455618848433e+01 5.529574955541298209e+01
0.000000000000000000e+00 0.000000000000000000e+00 0.000000000000000000e+00
-4.732287351025621369e+00 -3.075812091805342163e+01 2.018285978275195092e+01
4.136847306130378321e+00 -3.460401492771499932e+01 5.539306697806850366e+00
2.377336955544965491e+01 -3.460401492771500642e+01 -1.657899312435834460e+01
2.374119876064398227e+01 -2.979146207066460050e+01 -2.959304689115979414e+01
2.481900840254468932e+01 -4.519577876732185473e+01 -2.211829982216520207e+01
2.486736103816824084e+01 -4.812552616422804874e+01 -3.511288977266104183e+01
2.374119876064398227e+01 -2.979146207066461116e+01 -2.959304689115979414e+01
1.986171780221391714e+01 -3.368786839196052796e+01 -2.405373986157844257e+01
2.380554034703823163e+01 -3.941656730351021309e+01 -5.171134671332498556e+01
2.377336955544964781e+01 -3.460401492771504905e+01 -6.081559276868873098e+01
0.000000000000000000e+00 0.000000000000000000e+00 0.000000000000000000e+00
3.654285260384798839e+00 3.758427439562784400e+01 -7.474747068994593846e+00
4.683934714887380224e+00 3.368786839196040717e+01 -1.105915024285709691e+01
1.353688797143871270e+01 2.795916916278225273e+01 -2.959304689115979059e+01
9.673396108929996018e+00 1.736740532317542929e+01 -3.317745006502229188e+01
4.667753461556616301e+00 3.180506317244380909e+01 -2.211829982216519852e+01
4.716105508599261142e+00 2.887531569853676316e+01 -1.299459028227033919e+01
1.344037559023879247e+01 4.239682725267824992e+01 -1.657899279258384695e+01
1.044567966019201855e+01 5.197142017388949142e+01 -7.474747068994599175e+00
1.535481022252183969e+01 5.197142017388948432e+01 -5.519843545050247435e+00
2.428828617152427682e+01 3.850042093138233668e+01 -1.299459028227034096e+01
0.000000000000000000e+00 0.000000000000000000e+00 0.000000000000000000e+00
-1.567651800882771340e+01 -3.845893769033954968e+00 -5.519842549726750036e+00
-1.570868880041629190e+01 9.666586067612028543e-01 3.584403173862503067e+00
-9.769908489036051691e+00 -2.929747396906248191e+00 -1.299458995049583798e+01
-1.356905861736185237e+01 -2.314661654635950327e+01 -1.657899312435834105e+01
-1.070304600737751777e+01 -1.347099900187956933e+01 -7.474747068994592070e+00
-9.641225316247526322e+00 -2.217995786259744762e+01 -1.299458995049583976e+01
-3.589943524786315621e+00 -4.720937991722664862e+01 1.464355275317059935e+01
-8.531244882243505856e+00 -4.239682701205072135e+01 2.570270299602769626e+01
-6.595893287294547491e-01 -4.715886755746682013e+01 2.765760651997204889e+01
5.279190835376857294e+00 -5.105527356113425697e+01 2.211829982216519497e+01
0.000000000000000000e+00 0.000000000000000000e+00 0.000000000000000000e+00
-1.914434779878662507e+00 -9.574592873085736144e+00 1.105914924753360040e+01
-1.850093193484398491e+00 -1.919969810593134696e+01 1.105914924753360040e+01
5.005642939990956997e+00 -1.443765756051526594e+01 1.105914924753360040e+01
-9.331375191779196498e-01 -1.054125147984698252e+01 5.519842549726746483e+00
1.608539640553976469e-01 -2.406276279336084656e+01 9.104245723589249550e+00
8.901305448422888844e+00 -8.658446337331248799e+00 -5.539307029581353348e+00
7.839484758386699781e+00 5.051235975982137916e-02 -1.105915057463159457e+01
2.898183548525127051e+00 4.863065216810243285e+00 -3.552713678800500929e-15
1.756123350184639520e+01 1.448817044965582745e+01 -1.954904519267846474e+00
1.768991667463492234e+01 -4.762040016035355094e+00 -1.954904519267847363e+00
0.000000000000000000e+00 0.000000000000000000e+00 0.000000000000000000e+00
-9.914773506181269624e+00 1.443765813802149367e+01 3.122254554575444274e+01
-1.192572066372106931e+01 1.930072282545099682e+01 1.105914924753360040e+01
-2.180832337477497163e+01 2.892582805829657389e+01 1.105914924753360040e+01
-2.470650677956497887e+01 2.406276337086705652e+01 1.105914924753360040e+01
-3.555441750651583277e+01 2.795916945153531685e+01 1.464355242139610347e+01
-3.162658449943460681e+01 2.892582805829654546e+01 1.105914924753360040e+01
-3.449259710909724674e+01 1.925021046569105465e+01 2.016339530289734938e+01
-3.940172767142708210e+01 1.925021046569101202e+01 2.211829982216519142e+01
-3.540955307988183876e+01 1.059176412835980230e+01 2.570270233247870095e+01
-2.649225823905951671e+01 -4.762040016035481216e+00 2.211829982216519142e+01
0.000000000000000000e+00 0.000000000000000000e+00 0.000000000000000000e+00
7.839484758708449519e+00 5.051231163434521942e-02 1.105914957930809983e+01
-6.434158639423159798e-02 9.625105232845582393e+00 2.211829982216519142e+01
-6.434158639421561077e-02 9.625105232845571734e+00 2.211829982216519142e+01
3.996802888650563546e-14 -2.842170943040400743e-14 2.211829982216519142e+01
7.903826345102716644e+00 -9.574592921211273477e+00 3.317744940147328947e+01
3.863491420172291413e+00 1.059176391660762206e+01 4.065219647046787799e+01
6.838973831690964289e-14 -6.217248937900876626e-14 4.423659964433038283e+01
-1.100876498748429455e+01 2.795916916278218878e+01 3.871675643105464104e+01
-1.498475803256645200e+01 3.850042093138230115e+01 2.407320334610954049e+01
-7.177443918172713211e+00 4.336348561881181496e+01 2.211829982216519142e+01
0.000000000000000000e+00 0.000000000000000000e+00 0.000000000000000000e+00
1.781859984742347791e+01 -2.401225048172651810e+01 2.016339530289734938e+01
1.294164022717324514e+01 -2.882480333877694534e+01 3.122254554575443919e+01
1.303815260515609253e+01 -4.326246094741770776e+01 2.211829982216518431e+01
-6.757711736008555903e-01 -4.904167241122937781e+01 2.763814237189193079e+01
8.161192690358026525e+00 -4.807501380446814920e+01 3.317744906969878826e+01
3.538787232382043513e-01 -5.293807849189766301e+01 3.122254554575443564e+01
4.182203096324825786e-01 -6.256318372474325429e+01 3.122254554575443564e+01
1.804379540141194127e+01 -5.770011903731375469e+01 3.317744906969878826e+01
2.404691715191250978e+01 -7.122163027382678990e+01 4.975644219405712931e+01
2.417560032470106535e+01 -9.047184073951797245e+01 4.975644219405712931e+01
0.000000000000000000e+00 0.000000000000000000e+00 0.000000000000000000e+00
-7.935997287182265936e+00 1.438714577826166874e+01 -4.228169612038603731e+01
-2.263121817904432476e+01 9.574592873085716604e+00 -5.334084536791964126e+01
-1.768991682544763933e+01 4.762040545416068582e+00 -6.439999594255122872e+01
-2.837697358641283785e+01 -1.540431645602965283e+01 -8.099845221966617714e+01
-3.235296692604282498e+01 -4.863064687429547561e+00 -6.635489946649556714e+01
-2.335514909609827683e+01 -2.795916916278230246e+01 -8.099845221966617714e+01
-2.829645074668778193e+01 -2.314661646935866557e+01 -6.993930264035807909e+01
-3.706907272918983409e+01 -3.373838038596632316e+01 -6.439999594255122872e+01
-4.402132124386514533e+01 -2.406276284148638567e+01 -5.529574988718748330e+01
-4.217122805070245306e+01 -4.863064687429549338e+00 -6.635489946649558135e+01
0.000000000000000000e+00 0.000000000000000000e+00 0.000000000000000000e+00
1.142151521234243017e+00 -2.502942168887523167e+01 7.474746737220095305e+00
3.975993339629987577e+00 -1.054125176860013013e+01 7.474746737220096193e+00
-5.842267785029651606e+00 -1.054125176860017987e+01 7.474746737220097081e+00
-3.799149832362446855e+00 -2.021686936120563871e+01 1.853389731185168898e+01
3.975993339630008006e+00 -1.054125176860017277e+01 2.959304655938528938e+01
-8.901305153875048504e+00 8.658446337331131559e+00 3.869729261474903836e+01
-1.384260651133225295e+01 1.347099924250707126e+01 2.763814303544093320e+01
-1.088008137287406640e+01 8.708958697090976031e+00 2.763814303544093320e+01
-1.374609412981060785e+01 -9.666588955144828077e-01 1.853389731185168188e+01
-1.387477730259913855e+01 1.828355157017669796e+01 -3.584402510313513091e+00
0.000000000000000000e+00 0.000000000000000000e+00 0.000000000000000000e+00
-4.764265841147951264e+00 -1.736740532317548613e+01 2.018285978275195092e+01
-8.526140879122205973e-01 -1.828355185893000723e+01 2.765760651997204533e+01
6.099634427084778210e+00 -2.795916945153548383e+01 3.676185257533579431e+01
8.965647036747379062e+00 -1.828355185893005697e+01 2.765760651997204533e+01
9.094330209535904430e+00 -3.753376232462123596e+01 5.539306697806850366e+00
9.062159414730203366e+00 -3.272120946757083004e+01 1.464355275317059935e+01
5.198667995651749862e+00 -4.331297354780529929e+01 1.105915024285708981e+01
6.131805218351573217e+00 -3.277172177920518692e+01 2.765760651997204533e+01
4.120858208085675045e+00 -2.790865709177569087e+01 3.584403173862501291e+00
-3.718626697574947571e+00 -2.795916945153558331e+01 1.464355275317060112e+01
0.000000000000000000e+00 0.000000000000000000e+00 0.000000000000000000e+00
-1.377826536675973301e+01 3.845894009661547486e+00 -5.519843213275748894e+00
-9.850431919465268749e+00 4.812552857050413024e+00 -9.104245723589260209e+00
-2.451348216733437368e+01 -4.812552375795194237e+00 -3.317745006502229188e+01
-3.228862533964851877e+01 -1.448816992027513351e+01 -2.211829982216519852e+01
-2.836079233308200997e+01 -1.352151123651308495e+01 -2.570270299602770336e+01
-2.734732398219130189e+01 -1.930072282545111051e+01 -1.105915024285710047e+01
-3.338261682288181476e+01 -9.666586067612996658e-01 -3.584403173862508396e+00
-2.948695416878450715e+01 4.812552857050356181e+00 -9.104245723589258432e+00
-3.343077656633490591e+01 1.054125176860002533e+01 -1.464355275317061000e+01
-4.223556963709666690e+01 4.762040545415982429e+00 -2.211829982216520207e+01
0.000000000000000000e+00 0.000000000000000000e+00 0.000000000000000000e+00
-7.882725031265085391e-01 -2.790865685114792427e+01 1.657899279258384340e+01
-5.729573709771005774e+00 -2.309610447535277444e+01 4.975644285760613172e+01
-8.627757261834952729e+00 -2.795916916278228470e+01 4.975644285760613172e+01
-8.847848811093870225e-01 -1.347099924250718495e+01 5.171134638155048435e+01
1.618184242640996473e-02 1.882805219516557216e+00 5.529574955541298920e+01
-1.045638848703585033e+00 1.059176408023437865e+01 6.081559243691423688e+01
-1.567651800721919741e+01 -3.845894009661646962e+00 4.975644285760613172e+01
-3.040390984148258013e+01 -3.845894009661648294e+00 5.171134638155048435e+01
-4.312035437093223322e+01 -8.708958697091148338e+00 2.959304655938528938e+01
-4.413382271937796020e+01 -2.929747473907148958e+00 2.211829982216519497e+01
0.000000000000000000e+00 0.000000000000000000e+00 0.000000000000000000e+00
1.083172932583145709e+01 -5.779211223184028690e+00 7.474747068994590293e+00
9.850431916248247433e+00 -4.812552375795164927e+00 -9.104245723589256656e+00
1.578921222975175809e+01 -8.708958697091068402e+00 -1.464355275317060290e+01
1.683485107877702802e+01 -1.930072282545107498e+01 -9.104245723589253103e+00
1.588572460882842741e+01 -2.314661646935864425e+01 5.539306697806852142e+00
5.005642793038790117e+00 -1.443765760864081393e+01 3.317744940147328947e+01
6.434158639428755322e-02 -9.625105232845665881e+00 4.423659964433038283e+01
9.009662817140693392e-01 1.535380446202366755e+01 4.065219647046787799e+01
5.810097138591720167e+00 1.535380446202366755e+01 4.977590634213723320e+01
-4.040334778750313660e+00 2.016635700144559706e+01 2.959304689115977283e+01
0.000000000000000000e+00 0.000000000000000000e+00 0.000000000000000000e+00
-1.976520542210780462e+01 1.925021046569114702e+01 2.211829982216519852e+01
-2.171181084597944277e+01 1.448816992027506600e+01 2.016339629822084589e+01
-3.058094535586154450e+01 1.833406392993661527e+01 2.763814336721543796e+01
-2.668528314197745743e+01 2.411327515312061109e+01 2.211829982216519852e+01
-2.576832746767096438e+01 3.277172177920494534e+01 1.657899312435834460e+01
-2.674962472837171390e+01 3.373838038596616684e+01 3.552713678800500929e-15
-1.699570519010633518e+01 4.336348561881175101e+01 -2.211829982216519142e+01
-1.595006634301131498e+01 3.277172177920492402e+01 -2.765760651997204533e+01
-1.211874527530827095e+01 4.817603847586215693e+01 -3.317744906969879537e+01
-7.338298033040903334e+00 6.742624894155332527e+01 -3.513235358896663740e+01
0.000000000000000000e+00 0.000000000000000000e+00 0.000000000000000000e+00
1.374609442435844464e+01 9.666588955143842199e-01 -2.570270233247871516e+01
9.818261124659631633e+00 -9.325873406851314940e-15 -2.211829982216520563e+01
1.271644452591084828e+01 4.863065216810294800e+00 -2.211829982216520563e+01
4.909130562329819369e+00 0.000000000000000000e+00 -2.016339530289736359e+01
-5.005642943851457360e+00 1.443765813802150610e+01 -1.105914957930811049e+01
-4.876959771062929327e+00 -4.812552327669676444e+00 -1.105914957930811049e+01
7.935997283643490441e+00 -1.438714524888091795e+01 -2.016339530289736359e+01
8.885123900029583410e+00 -1.054125147984700739e+01 -2.763814270366645331e+01
1.775425840830313717e+01 -1.438714524888095525e+01 -4.228169512506256211e+01
9.882602711053923628e+00 -9.625105232845664105e+00 -2.211829982216521273e+01
0.000000000000000000e+00 0.000000000000000000e+00 0.000000000000000000e+00
4.008163986067935447e+00 -1.535380446202375637e+01 1.657899312435834105e+01
1.174322020398270716e+00 -2.984197438229885080e+01 1.657899312435834105e+01
-5.681413965803181476e+00 -3.460401492771494247e+01 1.657899312435834105e+01
-1.540316271247996482e+01 -4.904167253635571910e+01 2.959304722293427758e+01
-1.546750429887420886e+01 -3.941656730351013493e+01 2.959304722293427403e+01
-1.062271547021255458e+01 -2.979146207066457919e+01 2.763814270366643200e+01
-9.641418207903257098e+00 -3.075812091805344295e+01 1.105914991108258505e+01
-1.451837768248811145e+01 -3.557067353447623503e+01 -1.243449787580175325e-14
-8.611768309133953636e+00 -3.465452728747487754e+01 7.474747400769075512e+00
4.169017950445070397e+00 -3.941656730351017757e+01 7.474747400769075512e+00
0.000000000000000000e+00 0.000000000000000000e+00 0.000000000000000000e+00
-8.595586466707541007e+00 -3.277172206795819420e+01 -3.584402510313511314e+00
1.403563171233680507e+01 -4.234631494104391436e+01 4.975644285760612462e+01
1.878390815979851425e+01 -1.828355161830231168e+01 8.293389225907941409e+01
1.503311037415700291e+01 -4.143016840528939326e+01 6.635489946649556714e+01
6.067463633887664187e+00 -2.314661683511261003e+01 8.293389225907941409e+01
1.126162276430455300e+00 -1.833406392993666856e+01 7.187474267977131603e+01
1.107310657387861497e+01 -3.758427439562784400e+01 7.187474267977131603e+01
1.601440793133582474e+01 -4.239682730080379258e+01 8.293389225907941409e+01
2.873085245724666237e+01 -3.753376208399350844e+01 8.293389225907941409e+01
2.873085245724665526e+01 -3.753376208399352265e+01 8.293389225907941409e+01
0.000000000000000000e+00 0.000000000000000000e+00 0.000000000000000000e+00
1.061820397418581585e+00 -8.708958985844274636e+00 5.519842881501245913e+00
-1.363340049830399536e+01 -1.352151131351391555e+01 -5.539306697806857471e+00
-1.863904343829497989e+01 9.161462470013042036e-01 5.519842881501242360e+00
1.061820397418554052e+00 -8.708958985844279965e+00 5.519842881501241472e+00
-8.659928349579939066e+00 -2.314661654635951749e+01 1.853389664830268657e+01
-8.563415968058297523e+00 -3.758427468438107155e+01 2.763814270366643555e+01
-7.561018572033475493e-01 -3.272120946757078741e+01 2.959304722293427758e+01
1.158332775079689014e+00 -2.314661654635953880e+01 1.853389664830268657e+01
-4.748276890892067392e+00 -2.406276308211406700e+01 1.105914991108259215e+01
-9.544713525237146001e+00 -3.661761578886671487e+01 -1.105914991108260281e+01
0.000000000000000000e+00 0.000000000000000000e+00 0.000000000000000000e+00
-8.740451482758956558e+00 -1.540431669665727554e+01 -1.464355275317060645e+01
1.286831727885200394e-01 -1.925021046569122873e+01 -2.211829982216519852e+01
-4.812618033855940780e+00 -1.443765808989606469e+01 -1.105914957930810516e+01
-9.753919538265344968e+00 -9.625105232845655223e+00 -2.211829982216519852e+01
-9.786090329853937675e+00 -4.812552857050501842e+00 -5.334084569969414247e+01
-9.689577951871076067e+00 -1.925021046569126426e+01 -4.423659964433039704e+01
-2.898183401251182900e+00 -4.863065216810383617e+00 -6.635489946649559556e+01
-1.286831727885004995e-01 1.925021046569108663e+01 -6.635489946649559556e+01
-1.772208746976230032e+01 9.574592921211150909e+00 -7.741404904580369362e+01
-1.759340429697377672e+01 -9.675617544480024534e+00 -7.741404904580369362e+01
0.000000000000000000e+00 0.000000000000000000e+00 0.000000000000000000e+00
-1.268427373432228400e+01 -9.675617592605473050e+00 9.104246055363748980e+00
-3.782968580447226614e+00 -1.833406392993669698e+01 1.464355308494510055e+01
1.086389997175462163e+01 -1.059176383960688028e+01 1.657899312435834105e+01
1.488824579864045283e+01 -2.406276284148640698e+01 1.105915057463159101e+01
1.007562747023665040e+01 -3.850042093138242194e+01 0.000000000000000000e+00
1.004345667543097953e+01 -3.368786807433200181e+01 9.104246055363748980e+00
6.099634130606672144e+00 -2.795916916278234154e+01 -7.474746737220097970e+00
1.029649896324299263e+00 -3.896406003667539863e+00 3.584403173862499514e+00
-1.374609413174089667e+01 -9.666586067613440747e-01 3.584403173862499514e+00
-3.911651753235759088e+00 9.161465357544082977e-01 1.464355308494509700e+01
0.000000000000000000e+00 0.000000000000000000e+00 0.000000000000000000e+00
-3.217079158859181831e-02 4.812552375795149828e+00 -9.104246055363748980e+00
-7.839484758708397116e+00 -5.051231163438885119e-02 -1.105914957930809983e+01
-2.962524987645456243e+00 4.762040016035246737e+00 -2.211829982216519497e+01
-3.217079158856250842e-02 4.812552375795105419e+00 -3.122254587752894395e+01
9.818261124659635186e+00 -7.815970093361102045e-14 -2.211829982216519497e+01
1.176486669934396190e+01 4.762040016035193446e+00 -4.228169512506255501e+01
1.067087521418041263e+01 1.828355161830220155e+01 -3.869729261474904547e+01
6.727052964225632259e+00 2.401225048172635823e+01 -4.423659964433039704e+01
1.076738759377179200e+01 3.845893769033811083e+00 -5.888015239750099994e+01
9.689577951871076067e+00 1.925021046569102623e+01 -6.635489946649559556e+01
0.000000000000000000e+00 0.000000000000000000e+00 0.000000000000000000e+00
4.909130856877649052e+00 -3.996802888650563546e-15 9.123709871669356986e+00
1.369774208521296011e+01 3.896406003667427065e+00 5.539306697806854807e+00
5.922598913220514127e+00 -5.779211588938031774e+00 1.659845727243844493e+01
9.914773504765765466e+00 -1.443765792626924593e+01 4.230115960491714588e+01
1.089607106194460506e+01 -1.540431682178363992e+01 5.888015239750099283e+01
5.986940499614790134e+00 -1.540431682178364525e+01 3.871675709460363635e+01
5.986940499614813227e+00 -1.540431682178364703e+01 3.871675709460363635e+01
1.376208367160725388e+01 -5.728699229178186414e+00 4.977590634213724030e+01
1.086390026681725018e+01 -1.059176391660773398e+01 4.977590634213724030e+01
1.385859604959010660e+01 -2.016635683781897725e+01 5.888015239750099283e+01
0.000000000000000000e+00 0.000000000000000000e+00 0.000000000000000000e+00
5.085973773119296659e+00 -3.075812084105254129e+01 -2.018285978275195447e+01
1.102475423228814932e+01 -3.465452692172080873e+01 -1.464355308494510055e+01
1.108909581868238980e+01 -4.427963215456640000e+01 -1.464355308494510055e+01
3.055266781257817144e-01 -5.000833130674372740e+01 -1.105914991108259748e+01
1.446727121401250038e-01 -2.594556822462976342e+01 -9.123709539894859333e+00
-4.764458144737520939e+00 -2.594556822462976342e+01 -2.211829982216519852e+01
5.102155616060443322e+00 -2.887531569853682711e+01 -9.123709539894862885e+00
-3.766979041095561698e+00 -2.502942168887526364e+01 -1.659845660888945673e+01
4.909130856877661486e+00 -7.460698725481051952e-14 -3.124200936206005963e+01
-1.974921588275616102e+01 1.255485270675254483e+01 -9.123709539894864662e+00
0.000000000000000000e+00 0.000000000000000000e+00 0.000000000000000000e+00
1.371392333693517074e+01 5.779211463811652294e+00 -1.659845694066395083e+01
1.078356914055657789e+01 5.728699152177309628e+00 -2.570270299602769981e+01
1.368175254534658336e+01 1.059176383960680923e+01 -2.570270299602769981e+01
2.850565675759280637e+01 -3.845893769033969178e+00 -1.464355242139610880e+01
3.351129955384865156e+01 -1.828355185892997525e+01 -3.584403173862508396e+00
3.058094535779176226e+01 -1.833406421868986413e+01 5.519842881501240583e+00
2.560747320906769176e+01 -8.708958985844274636e+00 7.474747400769082617e+00
2.847348596600423321e+01 9.666586067611824262e-01 1.657899312435833394e+01
3.822740550426961903e+01 1.059176383960677015e+01 -5.539306697806857471e+00
3.051660377139752356e+01 -8.708958985844304834e+00 5.519842881501242360e+00
0.000000000000000000e+00 0.000000000000000000e+00 0.000000000000000000e+00
4.909130415055874330e+00 -3.108624468950438313e-15 -2.016339629822083879e+01
-3.992175035297267804e+00 8.658446626084337794e+00 -3.584403173862497738e+00
9.653078681083089307e-01 5.728699229178136676e+00 -3.584403173862497738e+00
-3.026866724852431467e+00 1.438714577826162611e+01 5.329070518200751394e-15
-3.091208311246688822e+00 2.401225101110723159e+01 5.329070518200751394e-15
-3.155549897640931523e+00 3.363735624395280865e+01 5.329070518200751394e-15
-1.930247591827360942e-01 2.887531569853671343e+01 5.329070518200751394e-15
-3.219891484035172002e+00 4.326246147679839282e+01 5.329070518200751394e-15
-3.155549897640914647e+00 3.363735624395278734e+01 5.329070518200751394e-15
7.239310623976735748e-01 3.753376232462107254e+01 5.539306697806859248e+00
0.000000000000000000e+00 0.000000000000000000e+00 0.000000000000000000e+00
-1.984572885092847372e+01 2.699251047902017220e+01 1.105914991108259748e+01
-2.472268832551332451e+01 2.217995786259738367e+01 2.211829982216519497e+01
-2.586483970108218600e+01 4.720937979210020785e+01 5.171134704509947255e+01
-1.614309095440538755e+01 6.164703740074094185e+01 3.869729294652353246e+01
-1.429299790819491633e+01 8.084673550667226039e+01 4.975644252583163052e+01
-1.630394492199960510e+01 8.570980072348254453e+01 2.959304722293427403e+01
-1.129830212574376525e+01 7.127214263358652602e+01 1.853389664830268302e+01
-1.422865632180065987e+01 7.122163027382663358e+01 5.519842881501235254e+00
-1.519396433962786652e+01 6.549293141040247690e+01 1.935440371187726605e+00
-1.913778688413047036e+01 7.122163027382663358e+01 -1.464355242139611946e+01
0.000000000000000000e+00 0.000000000000000000e+00 0.000000000000000000e+00
4.973472001450212510e+00 -9.625105232845591274e+00 -1.954904519267842034e+00
1.013468202780391625e+00 -5.779211463811661176e+00 -7.474747400769088834e+00
1.817922254621941125e+00 2.401225048172645415e+01 -1.954904519267842922e+00
6.855735989740281866e+00 4.762040016035278711e+00 -8.881784197001252323e-16
6.855735989740281866e+00 4.762040016035269829e+00 2.211829982216518786e+01
5.922598470562370210e+00 -5.779211463811693150e+00 4.975644219405712931e+01
1.097659375407405591e+01 -2.314661678698713843e+01 4.782100215464388526e+01
9.979115092253888264e+00 -2.406276332274167373e+01 5.334084536791962705e+01
1.492041629889838106e+01 -2.887531569853683777e+01 6.439999494722772511e+01
1.498475788529263397e+01 -3.850042093138242905e+01 6.439999494722772511e+01
0.000000000000000000e+00 0.000000000000000000e+00 0.000000000000000000e+00
9.169556762367410130e-01 8.658446337331191955e+00 5.539307029581349795e+00
1.070304600576900178e+01 1.347099924250714409e+01 1.464355275317060290e+01
2.052130713042864230e+01 1.347099924250712100e+01 3.676185257533579431e+01
2.335514909609830170e+01 2.795916916278221009e+01 5.888015239750098573e+01
1.067087521450212151e+01 1.828355157017672639e+01 4.977590667391173440e+01
4.699924254753709008e+00 2.699251055602092109e+01 4.230115927314264468e+01
-1.222674657630389738e+00 3.277172201983258759e+01 6.993930197680907668e+01
-1.254845449218982001e+00 3.758427439562774452e+01 6.083505592144533125e+01
-1.190503862824719317e+00 2.795916916278214615e+01 6.083505592144533125e+01
7.882725034482054305e-01 2.790865680302226082e+01 7.189420649607691871e+01
0.000000000000000000e+00 0.000000000000000000e+00 0.000000000000000000e+00
1.126162278360683722e+00 -1.833406421868983571e+01 -5.519842549726750036e+00
1.005963851946598453e+01 -3.180506309544301757e+01 9.123709871669351656e+00
4.153028999674364563e+00 -3.272120946757074478e+01 -5.519842549726755365e+00
-4.651763922204934509e+00 -3.850042093138241484e+01 -1.299458995049584331e+01
-6.917601235351238387e-01 -4.234631470041639290e+01 -2.959304689115979414e+01
1.397129012433399176e+01 -3.272120946757080873e+01 -2.763814237189195211e+01
1.393911933274539727e+01 -2.790865709177565179e+01 -4.065219647046789220e+01
1.100876498941459936e+01 -2.795916945153554778e+01 -4.975644219405714352e+01
1.512962275374837162e+01 -5.586782625455794005e+01 -4.617203968374363399e+01
6.292659186267574256e+00 -5.683448515007233226e+01 -5.171134671332498556e+01
0.000000000000000000e+00 0.000000000000000000e+00 0.000000000000000000e+00
-4.780447684089126348e+00 -1.925021046569117900e+01 -9.123709871669356986e+00
1.084791072695086100e+01 -3.896406080668278094e+00 1.853389664830269368e+01
1.868739563293318895e+01 -3.845893769033946086e+00 7.474747400769089722e+00
2.375738001558328349e+01 -2.790865709177554876e+01 1.853389664830269012e+01
1.989388859489631756e+01 -3.850042093138237931e+01 2.211829982216519142e+01
1.884824960052738518e+01 -2.790865709177558784e+01 3.869729294652353246e+01
1.110527707252790997e+01 -4.239682701205068582e+01 4.065219647046788509e+01
1.120178945404957460e+01 -5.683448515007225410e+01 7.187474234799682904e+01
-8.466903590397080848e+00 -5.202193224489631262e+01 6.277049629263307651e+01
-9.528723985885436676e+00 -4.331297354780524245e+01 6.829033983768331950e+01
0.000000000000000000e+00 0.000000000000000000e+00 0.000000000000000000e+00
1.083172947555036636e+01 -5.779211588938069966e+00 -7.474747068994593846e+00
1.356905891242444362e+01 2.314661646935856965e+01 -1.657899312435834105e+01
1.945948703000284041e+01 2.217995786259734103e+01 -3.511288977266103473e+01
2.832862153827641194e+01 1.833406409356337718e+01 -2.763814237189194500e+01
1.945948703000285818e+01 2.217995786259729840e+01 -3.511288977266103473e+01
1.561217686509164970e+01 1.347099887675302732e+01 -4.975644219405714352e+01
1.561217686509166569e+01 1.347099887675300423e+01 -4.975644219405714352e+01
5.826086531698916104e+00 8.658446549083361532e+00 -6.277049629263308361e+01
8.659928497368575506e+00 2.314661646935845596e+01 -8.488879611479828213e+01
3.750797787764840407e+00 2.314661646935843109e+01 -8.293389259085392951e+01
0.000000000000000000e+00 0.000000000000000000e+00 0.000000000000000000e+00
5.922598470562332018e+00 -5.779211463811671834e+00 2.763814237189193790e+01
1.680268028718839801e+01 -1.448817044965589140e+01 2.211829982216518786e+01
1.970086383571353394e+01 -9.625105232845623249e+00 4.423659964433038283e+01
1.475956233452122390e+01 -4.812552857050501842e+00 5.529574889186398678e+01
1.954000987133643008e+01 1.443765760864066294e+01 5.334084536791963416e+01
6.952248367401388407e+00 -9.675617544480033416e+00 5.334084536791963416e+01
2.073051329233939200e+01 -1.352151155414159511e+01 4.782100215464389237e+01
6.984419162528769931e+00 -1.448817044965600687e+01 2.211829982216518786e+01
1.182920813846433106e+01 -4.863065216810458224e+00 2.016339530289734583e+01
1.469522074812693724e+01 4.812552375794993509e+00 1.105914924753359685e+01
0.000000000000000000e+00 0.000000000000000000e+00 0.000000000000000000e+00
-7.177444068985479930e+00 4.336348614819260661e+01 -1.776356839400250465e-15
-1.211874527562997983e+01 4.817603852398777775e+01 -1.105914957930810338e+01
-1.492041644617226304e+01 2.887531569853673474e+01 -2.016339530289735649e+01
-2.085919661272353665e+01 3.277172206795816578e+01 -2.570270233247870806e+01
-2.477084836595926376e+01 3.368786860371268688e+01 -1.105914957930810516e+01
-1.693136360725084444e+01 3.373838091534700112e+01 -5.329070518200751394e-15
-2.081084456568089891e+01 2.984197459405110209e+01 5.539307029581346242e+00
-2.190483560870100632e+01 4.336348614819259240e+01 1.954904519267836704e+00
-2.090735694578702564e+01 4.427963252032033381e+01 7.474747068994584964e+00
-2.193700640028960436e+01 4.817603852398776354e+01 1.105915024285708803e+01
0.000000000000000000e+00 0.000000000000000000e+00 0.000000000000000000e+00
-2.930354343330811240e+00 -5.051235975986578808e-02 -9.104245723589253103e+00
-3.217079480568196814e-02 4.812552857050429012e+00 -3.122254554575444985e+01
9.169558215803932377e-01 8.658446626084355557e+00 -1.657899312435834460e+01
-4.876959918015161932e+00 -4.812552375795167592e+00 -3.317745006502229899e+01
1.930247591827747300e-01 -2.887531569853678448e+01 -4.423659964433039704e+01
-4.716105950420959481e+00 -2.887531569853678448e+01 -6.439999594255124293e+01
-3.557772881308109980e+00 -5.202193216789540031e+01 -6.081559276868873809e+01
-7.549947768816701377e+00 -4.336348561881189312e+01 -6.439999594255124293e+01
-1.249124912241340013e+01 -3.855093329114225753e+01 -5.334084536791965547e+01
-1.836568770257041550e+01 -4.427963215456644264e+01 -5.888015239750100704e+01
0.000000000000000000e+00 0.000000000000000000e+00 0.000000000000000000e+00
-1.078356899489123499e+01 -5.728698911549706452e+00 1.853389731185168543e+01
-5.777926198635396915e+00 -2.016635700144572851e+01 2.959304655938528583e+01
-3.831320627489856356e+00 -1.540431645602964927e+01 2.763814303544093320e+01
-9.653078702315980308e-01 -5.728698911549729544e+00 1.853389731185168188e+01
-5.874438579835349117e+00 -5.728698911549740203e+00 3.869729261474903126e+01
-1.368175254341639402e+01 -1.059176412836006165e+01 4.065219713401687329e+01
-1.078356899489124743e+01 -5.728698911549804151e+00 4.065219713401687329e+01
-1.467923164898854793e+01 -1.150791037536147776e+01 4.617203968374361978e+01
-5.745755407046832630e+00 -2.497890937724100979e+01 6.081559243691422267e+01
-9.560894779082623529e+00 -3.850042093138250721e+01 6.635489946649556714e+01
0.000000000000000000e+00 0.000000000000000000e+00 0.000000000000000000e+00
-1.286831727885253684e-01 1.925021046569118610e+01 2.211829982216519497e+01
-1.013468053897886190e+00 5.779211223184034907e+00 2.959304655938528938e+01
-9.169556759150303549e-01 -8.658446385456723959e+00 3.869729261474903836e+01
1.075139864190729000e+01 1.054125176860008040e+01 4.975644285760613172e+01
8.676109897973216079e+00 2.502942168887517127e+01 5.171134638155048435e+01
1.075139864190729710e+01 1.054125176860007684e+01 4.975644285760613172e+01
2.844131532008102070e+01 5.779211223183990498e+00 2.959304655938528938e+01
2.828046135248681736e+01 2.984197454592558785e+01 3.869729261474903836e+01
3.029140851356541475e+01 2.497890932911528949e+01 4.065219713401688040e+01
2.535010715610823340e+01 2.979146223429123808e+01 5.171134638155048435e+01
0.000000000000000000e+00 0.000000000000000000e+00 0.000000000000000000e+00
-5.021824490314571676e+00 1.255485270675263010e+01 0.000000000000000000e+00
-4.120858058881633035e+00 2.790865680302234608e+01 3.584402510313507761e+00
-2.092066021239764595e-01 2.699251055602098148e+01 1.105914957930809805e+01
-4.088687267614768750e+00 2.309610447535271049e+01 1.659845627711495197e+01
-1.287016244024716372e+00 4.239682725267822150e+01 2.570270233247870095e+01
-2.375738030820094693e+01 2.790865680302232832e+01 4.782100215464389237e+01
-1.982954700850213214e+01 2.887531569853671698e+01 4.423659964433038283e+01
-2.873085245692505296e+01 3.753376203586792315e+01 4.977590667391173440e+01
-1.888042054099852862e+01 3.272120970819827335e+01 3.676185257533579431e+01
-1.894476212739276733e+01 4.234631494104384331e+01 3.676185257533579431e+01
0.000000000000000000e+00 0.000000000000000000e+00 0.000000000000000000e+00
-1.963652224931929879e+01 -4.218847493575594854e-14 -8.881784197001252323e-16
-1.954000987165814962e+01 -1.443765756051528548e+01 9.104245723589251327e+00
-2.639574585785959115e+01 -1.919969810593137538e+01 3.122254554575444274e+01
-2.441696963886057858e+01 -1.925021046569125360e+01 4.228169512506254080e+01
-2.438479884759370364e+01 -2.406276279336092827e+01 3.317744906969879537e+01
-2.636357506627098246e+01 -2.401225048172659982e+01 4.423659964433038283e+01
-3.520053878134740444e+01 -2.497890932911546358e+01 3.869729261474903126e+01
-3.021088508474472789e+01 -3.272120934244446744e+01 3.676185224356129311e+01
-3.618183619093063896e+01 -2.401225048172661047e+01 4.423659964433038283e+01
-3.423523076352020666e+01 -1.925021046569133887e+01 4.228169512506254080e+01
0.000000000000000000e+00 0.000000000000000000e+00 0.000000000000000000e+00
1.076738759460825534e+01 3.845893643907560389e+00 -3.676185224356131442e+01
1.854253076660069510e+01 1.352151123651300324e+01 -2.570270299602771402e+01
1.854253076660069510e+01 1.352151123651299258e+01 -2.570270299602771402e+01
2.068216109692903260e+01 -1.059176391660769667e+01 -2.765760651997206310e+01
2.068216109692904681e+01 -1.059176391660772865e+01 -2.765760651997206310e+01
2.071433189205642122e+01 -1.540431682178368433e+01 -3.676185224356131442e+01
2.354817385418729003e+01 -9.161463721278053640e-01 -3.676185224356131442e+01
2.457782331081313743e+01 -4.812552693423710615e+00 -3.317744973324780489e+01
2.351600306259869910e+01 3.896406003667348905e+00 -2.765760651997206310e+01
1.564434736181070029e+01 8.658446549083432586e+00 -2.570270299602771047e+01
0.000000000000000000e+00 0.000000000000000000e+00 0.000000000000000000e+00
5.005642793038758143e+00 -1.443765760864078018e+01 3.317744940147328947e+01
1.677050949238273603e+01 -9.675617592605489037e+00 1.301405409857593298e+01
1.970086383571355171e+01 -9.625105232845619696e+00 2.211829982216518431e+01
1.598223698893451683e+01 -3.758427439562787242e+01 7.474747068994581412e+00
1.202223289410830098e+01 -3.373838038596634448e+01 1.954903523944341082e+00
5.102155174238663271e+00 -2.887531569853684132e+01 1.954903523944341970e+00
5.198667552221518662e+00 -4.331297330717760019e+01 1.105914957930809095e+01
-3.541783930537427239e+00 -5.871729000383486152e+01 1.853389664830268302e+01
4.503911047598228024e-01 -6.737573662991923129e+01 -1.065814103640150279e-14
2.461338115025723194e+00 -7.223880131734875931e+01 -2.016339629822085300e+01
0.000000000000000000e+00 0.000000000000000000e+00 0.000000000000000000e+00
7.968167931496946466e+00 -1.919969815405688252e+01 -1.105915024285709514e+01
8.933476243550279250e+00 -1.347099924250720804e+01 -1.464355275317060290e+01
-1.850093193162695826e+00 -1.919969815405690028e+01 -1.105915024285709514e+01
-4.780447389541274461e+00 -1.925021046569124650e+01 1.954903523944350852e+00
-1.075139864190727934e+01 -1.054125176860019586e+01 3.871675643105464815e+01
-4.812618180808160062e+00 -1.443765813802162867e+01 3.317744940147329658e+01
-4.748276594413896490e+00 -2.406276337086721639e+01 3.317744940147329658e+01
-8.204432947150852584e-01 -2.309610447535282773e+01 2.959304689115978704e+01
8.965647036232693878e+00 -1.828355178192918729e+01 2.765760651997204889e+01
7.903826345102698880e+00 -9.574592921211349861e+00 3.317744940147329658e+01
0.000000000000000000e+00 0.000000000000000000e+00 0.000000000000000000e+00
-9.651238119992822106e-02 1.443765808989594390e+01 9.104246055363748980e+00
-3.026866577578524620e+00 1.438714577826157814e+01 0.000000000000000000e+00
-1.930247591827858322e-01 2.887531569853668145e+01 2.211829982216519497e+01
8.044543444591387704e-01 2.979146223429116702e+01 2.763814336721543441e+01
7.239309151237072193e-01 3.753376232462098727e+01 3.869729294652353246e+01
1.882263984751289865e+00 1.438714577826151597e+01 4.228169612038603731e+01
1.173269590453830347e+01 9.574592873085576272e+00 3.317745039679678598e+01
1.882263984751268993e+00 1.438714577826151597e+01 6.439999594255122872e+01
4.780447536815182197e+00 1.925021046569102623e+01 6.439999594255122872e+01
1.575704128876590460e+01 -3.896406003667582496e+00 6.081559276868872388e+01
0.000000000000000000e+00 0.000000000000000000e+00 0.000000000000000000e+00
-1.381043615834832394e+01 8.658446385456670669e+00 3.584402510313508650e+00
-1.982954700850205043e+01 2.887531569853671698e+01 -8.881784197001252323e-16
-2.974432051114455788e+01 4.331297330717747229e+01 3.122254554575444274e+01
-3.261033326808109933e+01 3.363735571457200990e+01 2.211829982216519142e+01
-4.246076518786810539e+01 3.844990861974795848e+01 3.122254554575444274e+01
-3.956258163580418596e+01 4.331297330717744387e+01 3.122254554575444274e+01
-4.340989165537173733e+01 3.460401461008636659e+01 1.657899279258383984e+01
-4.344206244908360759e+01 3.941656730351000704e+01 1.464355242139610169e+01
-3.853293218130162501e+01 3.941656730351000704e+01 5.519842549726744707e+00
-3.956258163580417886e+01 4.331297330717742966e+01 9.104245723589247774e+00
0.000000000000000000e+00 0.000000000000000000e+00 0.000000000000000000e+00
1.865522498861851375e+01 9.666586067612210620e-01 -1.657899312435834105e+01
6.003122045563126008e+00 -1.352151131351389424e+01 -1.657899312435834105e+01
3.960004240491573846e+00 -3.845893769033970955e+00 -2.763814237189194500e+01
1.093991483233333284e+00 -1.352151131351392621e+01 3.584403173862497738e+00
-8.627757259904660359e+00 -2.795916945153547317e+01 1.659845727243843783e+01
-1.958816961369569043e+01 -2.929747396906265067e+00 -1.299458995049584686e+01
-2.942261258078176311e+01 -4.812552616422872021e+00 -1.935440039413249380e+00
-2.945478337397889845e+01 -8.881784197001252323e-14 -8.881784197001252323e-15
-2.543043754709306015e+01 -1.347099900187963328e+01 -5.519842549726758918e+00
-2.539826675228739106e+01 -1.828355185893006052e+01 3.584403173862494185e+00
0.000000000000000000e+00 0.000000000000000000e+00 0.000000000000000000e+00
7.775143319266359043e+00 9.675617592605451733e+00 -1.105914957930810338e+01
3.217079126688382473e-02 -4.812552327669651575e+00 -3.122254587752894395e+01
3.960004092381204988e+00 -3.845893643907578152e+00 -4.975644252583163762e+01
-2.043117805393271258e+00 9.675617592605442852e+00 -5.529574922363849510e+01
-3.217079512737130997e-02 4.812552905175920159e+00 -5.334084569969414247e+01
2.769500228462699276e+00 2.411327568250143472e+01 -4.423659964433039704e+01
2.833841814856961516e+00 1.448817044965585232e+01 -4.423659964433039704e+01
-2.043117805393262376e+00 9.675617592605423312e+00 -3.317744940147330368e+01
3.217079126692556912e-02 -4.812552327669692431e+00 -5.334084569969414247e+01
3.895662505986995594e+00 5.779211588937975819e+00 -7.187474234799682904e+01
0.000000000000000000e+00 0.000000000000000000e+00 0.000000000000000000e+00
1.461469775951946914e+01 1.255485262975181016e+01 4.423659964433038283e+01
8.756440875351405140e+00 8.708958860717842754e+00 3.871675709460363635e+01
5.986940499614803457e+00 -1.540431682178363815e+01 3.871675709460363635e+01
8.917294842945617361e+00 -1.535380446202376881e+01 4.782100281819288767e+01
8.885124048139939390e+00 -1.054125160497334335e+01 3.871675709460363635e+01
5.102155616060477072e+00 -2.887531569853678448e+01 5.336030951599974514e+01
6.083452877275985493e+00 -2.984197438229885790e+01 4.782100281819289478e+01
2.090142990492092068e-01 -3.557067353447617108e+01 5.336030951599974514e+01
-4.619593128493005629e+00 -4.331297362480604818e+01 3.317745006502228478e+01
-7.722831089254595938e-01 -3.460401492771501353e+01 4.782100281819288767e+01
0.000000000000000000e+00 0.000000000000000000e+00 0.000000000000000000e+00
-5.810096993441067781e+00 -1.535380414439529062e+01 -5.539307029581353348e+00
-5.874438579835338459e+00 -5.728698911549710004e+00 -5.539307029581353348e+00
1.174322316361610774e+00 -2.984197459405119446e+01 -5.539307029581354236e+00
1.238663902755873458e+00 -3.946707982689679994e+01 -5.539307029581355124e+00
-7.722831110488073136e-01 -3.460401461008654422e+01 -2.570270233247871161e+01
1.446727121401516492e-01 -2.594556822462983448e+01 -3.124200936206006318e+01
-3.734808245968185503e+00 -2.984197459405127262e+01 -2.570270233247871516e+01
-7.722831110487966555e-01 -3.460401461008657975e+01 -2.570270233247871516e+01
1.270834694022787481e+00 -4.427963215456652790e+01 -1.464355308494511121e+01
1.490423489777891319e+01 -3.075812084105265853e+01 -2.018285978275196513e+01
0.000000000000000000e+00 0.000000000000000000e+00 0.000000000000000000e+00
5.037813440570519496e+00 -1.925021046569119676e+01 1.299458995049583798e+01
4.989461394042621123e+00 -1.632046306878502406e+01 -1.776356839400250465e-15
1.092824155866363967e+01 -2.021686914945329505e+01 -5.539306697806855695e+00
1.873555552578345029e+01 -1.535380446202380078e+01 -2.570270299602769626e+01
2.470650648360162549e+01 -2.406276315911491892e+01 -1.105914991108259571e+01
1.976520542210777975e+01 -1.925021046569130334e+01 1.776356839400250465e-15
1.483989331189935967e+01 -2.113301568520791562e+01 1.935440371187739927e+00
9.898591661824580612e+00 -1.632046306878514130e+01 1.299458995049583976e+01
1.873555552578346095e+01 -1.535380446202392868e+01 -3.584403173862501291e+00
9.962933248218849513e+00 -2.594556830163075745e+01 1.299458995049583976e+01
0.000000000000000000e+00 0.000000000000000000e+00 0.000000000000000000e+00
3.992174591866898936e+00 -8.658446385456770145e+00 3.584402510313507761e+00
1.061820395488298985e+00 -8.708958697091118140e+00 -5.519843545050241218e+00
3.895662213884021341e+00 5.779211223183981616e+00 -5.519843545050240330e+00
-8.724269934043979546e+00 -1.352151160226706494e+01 3.584402510313508650e+00
-9.802079871328929883e+00 1.882805219516546558e+00 -1.105915024285709691e+01
-2.351600320742768702e+01 -3.896406369421509197e+00 5.539307029581344466e+00
-3.433174343765949743e+01 -4.812552616422896890e+00 1.105914957930809450e+01
-3.037173919716790849e+01 -8.658446385456832317e+00 5.539307029581344466e+00
-3.814688251675596575e+01 -1.833406392993676803e+01 -5.519843545050246547e+00
-3.317341036803188814e+01 -2.795916916278235931e+01 -7.474747068994597399e+00
0.000000000000000000e+00 0.000000000000000000e+00 0.000000000000000000e+00
-9.850431916248233222e+00 4.812552375795156934e+00 -9.104246055363748980e+00
2.043117952345479438e+00 -9.675617544479933940e+00 -1.105914957930809983e+01
4.876959918015135287e+00 4.812552375795164039e+00 -1.105914957930809983e+01
-2.994695782772867076e+00 9.574592921211236174e+00 -9.104246055363748980e+00
-1.286831727885333621e-01 1.925021046569114702e+01 0.000000000000000000e+00
1.850093193162686944e+00 1.919969815405680436e+01 1.105915024285709514e+01
4.780447536815200849e+00 1.925021046569113281e+01 1.954904519267842034e+00
5.858257325989795206e+00 3.845893769033860821e+00 -5.519842881501246801e+00
1.567651845064944816e+01 3.845893769033860821e+00 -2.763814270366644621e+01
1.469522104267477758e+01 4.812552375795052129e+00 -1.105914957930810516e+01
0.000000000000000000e+00 0.000000000000000000e+00 0.000000000000000000e+00
3.863491862508722896e+00 1.059176383960677015e+01 3.584403173862503067e+00
3.927833448902988245e+00 9.666586067611717681e-01 3.584403173862501291e+00
8.965647036747402154e+00 -1.828355185893003210e+01 2.765760651997204533e+01
-4.812617888190594329e+00 -1.443765784926847040e+01 5.529574988718748330e+01
6.035292840690512861e+00 -1.833406421868993874e+01 5.888015239750099283e+01
9.946944297448165884e+00 -1.925021046569132466e+01 6.635489946649558135e+01
1.384260695154550191e+01 -1.347099900187971500e+01 6.083505691676883487e+01
8.836963863958915866e+00 9.666586067610332123e-01 7.189420616430243172e+01
3.863491862508737107e+00 1.059176383960659251e+01 6.993930264035807909e+01
-5.922598470562310702e+00 5.779211463811428473e+00 6.083505691676882776e+01
0.000000000000000000e+00 0.000000000000000000e+00 0.000000000000000000e+00
-8.044543455529620246e-01 -2.979146207066452234e+01 -1.659845694066395083e+01
9.013806779106671385e+00 -2.979146207066454366e+01 -3.871675676282914935e+01
5.118144566831114517e+00 -3.557067353447620661e+01 -4.423659964433039704e+01
4.040334777656521048e+00 -2.016635683781896660e+01 -3.676185224356130732e+01
4.104676364050806825e+00 -2.979146207066456142e+01 -3.676185224356130732e+01
1.876772631737206964e+01 -2.016635683781898436e+01 -1.659845694066395794e+01
1.973303462942539355e+01 -1.443765792626932054e+01 -2.018285945097746747e+01
1.879989711217771742e+01 -2.497890969486942581e+01 -2.570270299602770692e+01
2.568780404078046331e+01 -2.502942205462928627e+01 -1.659845694066395794e+01
2.077867347845064572e+01 -2.502942205462927561e+01 -1.464355242139611590e+01
0.000000000000000000e+00 0.000000000000000000e+00 0.000000000000000000e+00
1.371392363309157858e+01 5.779211223184026913e+00 2.763814336721543441e+01
1.765774603064198089e+01 5.051231163433822502e-02 3.317745039679678598e+01
1.775425841184192066e+01 -1.438714577826169361e+01 4.228169612038603731e+01
1.392293734253033577e+01 -2.979146223429130913e+01 3.676185290711029552e+01
1.785077078982477161e+01 -2.882480338690243826e+01 3.317745039679678598e+01
1.013996905663096904e+01 -4.812552616422796348e+01 2.211829982216519497e+01
2.382172189601064005e+01 -3.753376224762030944e+01 2.570270299602769626e+01
1.300598166661526989e+01 -3.844990861974804375e+01 3.122254587752894395e+01
1.395510813572743203e+01 -3.460401485071411543e+01 1.657899312435834105e+01
1.495258724129958949e+01 -3.368786860371275083e+01 3.317745039679678598e+01
0.000000000000000000e+00 0.000000000000000000e+00 0.000000000000000000e+00
-5.922598910775551673e+00 5.779211223184033130e+00 1.659845627711495197e+01
-1.376208366916227277e+01 5.728698863424160237e+00 2.765760685174654299e+01
-1.867121423149207970e+01 5.728698863424160237e+00 4.782100215464389237e+01
-1.965251178867089976e+01 6.695357758938537351e+00 3.124200936206004542e+01
-3.346294750487577119e+01 1.535380409626973019e+01 2.765760685174653588e+01
-3.059693474793923684e+01 2.502942168887515351e+01 3.676185257533578721e+01
-2.469032522924141304e+01 2.594556822462967105e+01 2.211829982216518431e+01
-2.858598773767334933e+01 2.016635700144565035e+01 3.871675609928013984e+01
-2.575214591927763053e+01 3.465452692172075899e+01 3.871675609928013984e+01
-3.465345136963077266e+01 4.331297354780510034e+01 3.317744940147328236e+01
0.000000000000000000e+00 0.000000000000000000e+00 0.000000000000000000e+00
-9.914773506181280283e+00 1.443765813802151854e+01 -9.104246055363752532e+00
-6.984419309802698095e+00 1.448817044965584522e+01 -3.552713678800500929e-15
-1.463087930932831782e+01 -1.443765756051527127e+01 1.105915024285708981e+01
-1.651314329407960102e+01 -2.882480333877695244e+01 -9.104246055363752532e+00
-5.649243322324949190e+00 -3.941656717838381496e+01 -1.464355275317060645e+01
3.252062128028212484e+00 -4.807501380446817052e+01 -3.122254587752894750e+01
8.096851251237680458e+00 -3.844990857162257925e+01 -1.105914957930810161e+01
1.013996905663095660e+01 -4.812552616422806295e+01 -2.211829982216519852e+01
9.239002625197999308e+00 -6.347933026049781802e+01 -2.570270233247870806e+01
1.313466483908209170e+01 -5.770011903731380443e+01 -3.122254587752894750e+01
0.000000000000000000e+00 0.000000000000000000e+00 0.000000000000000000e+00
1.369774193793906214e+01 3.896406003667385320e+00 -2.765760651997204889e+01
4.925119807648362880e+00 -6.695357835939436342e+00 -4.423659964433038994e+01
5.069984234282395974e+00 -2.406276315911486563e+01 -3.317744973324779068e+01
1.598895077071205151e-02 -6.695357835939443447e+00 -3.124200969383455018e+01
-4.860970523814174271e+00 -1.150791045236225330e+01 -4.230115927314265178e+01
-3.927833301114352693e+00 -9.666586837621515826e-01 -4.782100281819289478e+01
-3.217079268242351020e-02 4.812552539421874442e+00 -2.018285945097746037e+01
-9.974791047357705054e-01 -9.161463721278328975e-01 -1.659845694066395083e+01
-3.831320919592746677e+00 -1.540431682178373052e+01 -1.659845694066395083e+01
-3.799150128325873510e+00 -2.021686914945337676e+01 -2.570270299602769981e+01
0.000000000000000000e+00 0.000000000000000000e+00 0.000000000000000000e+00
-3.927833447294462488e+00 -9.666588473888689803e-01 3.584402510313504209e+00
1.045638995977464347e+00 -1.059176408023447102e+01 -5.539307029581353348e+00
9.946944297448146344e+00 -1.925021046569120742e+01 -3.552713678800500929e-15
9.882602711053884548e+00 -9.625105232845619696e+00 -5.329070518200751394e-15
1.588572461095164456e+01 -2.314661678698711000e+01 1.657899279258383274e+01
9.979115092253818986e+00 -2.406276332274163821e+01 3.122254554575443564e+01
1.973303463051918527e+01 -1.443765808989607180e+01 3.122254554575443564e+01
1.479173312610977042e+01 -9.625105232845649894e+00 4.228169512506253369e+01
1.677050949206100938e+01 -9.675617544480008547e+00 3.122254554575442853e+01
2.551096097642849614e+01 5.728698911549610528e+00 3.869729261474901705e+01
0.000000000000000000e+00 0.000000000000000000e+00 0.000000000000000000e+00
1.045639143573093399e+00 -1.059176412835999770e+01 1.657899279258384340e+01
1.109980729967356972e+00 -2.021686936120558542e+01 3.869729261474903126e+01
1.379425446428961166e+01 -1.054125176860016566e+01 2.959304655938528228e+01
6.019111292297168347e+00 -2.021686936120563161e+01 1.853389731185167832e+01
6.083452878691443466e+00 -2.984197459405122643e+01 1.853389731185167477e+01
8.981636427216603380e+00 -2.497890937724093163e+01 1.853389731185167477e+01
2.361251558894927882e+01 -1.054125176860019231e+01 5.171134638155046304e+01
1.870338517389337696e+01 -1.054125176860021185e+01 4.975644285760611041e+01
2.358034479414360618e+01 -5.728698911549781059e+00 3.869729261474901705e+01
2.955129575305556955e+01 -1.443765777226763802e+01 1.935440039413208524e+00
0.000000000000000000e+00 0.000000000000000000e+00 0.000000000000000000e+00
-4.941301650074787055e+00 4.812552616422793861e+00 1.105914991108259748e+01
1.575704128928067504e+01 -3.896406080668272764e+00 1.657899312435834105e+01
1.091225231334512102e+01 -1.352151131351386226e+01 1.853389664830269368e+01
1.381043571813512472e+01 -8.658446626084371545e+00 1.853389664830269368e+01
8.965646889473482872e+00 -1.828355185892996104e+01 3.869729294652353957e+01
1.286831727885164867e-01 -1.925021046569120031e+01 2.211829982216520207e+01
1.158332775079733423e+00 -2.314661654635947841e+01 4.065219647046789930e+01
1.126161983812847822e+00 -1.833406421868983571e+01 2.763814270366645331e+01
-1.598953986638296243e-02 6.695357835939354629e+00 1.299458995049584686e+01
9.974788110242984729e-01 9.161462470013033155e-01 2.763814270366644976e+01
0.000000000000000000e+00 0.000000000000000000e+00 0.000000000000000000e+00
-5.906609519791625296e+00 -9.161463721277467442e-01 7.474747400769087946e+00
-4.780447684089113025e+00 -1.925021046569122518e+01 -9.123709871669356986e+00
-1.364958204425228949e+01 -1.540431682178366302e+01 -1.659845694066395083e+01
-1.855871260658210886e+01 -1.540431682178366657e+01 -3.676185224356130732e+01
-1.467923164847377215e+01 -1.150791045236225862e+01 -2.018285945097746747e+01
-1.463087960143113975e+01 -1.443765792626930100e+01 -1.105914991108260814e+01
-1.464706085527663859e+01 -1.632046306878505249e+01 -2.211829982216520563e+01
-1.071922784819541619e+01 -1.535380446202382565e+01 -2.570270299602770692e+01
-9.721748744553494248e+00 -1.443765792626930633e+01 -2.018285945097746747e+01
-2.050531818126646399e+01 -2.016635683781901633e+01 -1.659845694066396149e+01
0.000000000000000000e+00 0.000000000000000000e+00 0.000000000000000000e+00
-1.093991482718597474e+00 1.352151123651301745e+01 -3.584403173862502179e+00
-9.995296933071738721e+00 2.217995786259736946e+01 -9.123709871669355209e+00
-1.005963851946600762e+01 3.180506309544295362e+01 -9.123709871669355209e+00
-1.403563156261791534e+01 4.234631457528990950e+01 -1.659845694066395083e+01
-1.406780235774529508e+01 4.715886748046585808e+01 -2.570270299602769981e+01
-4.056006074053993871e+01 4.239682693504976640e+01 -2.570270299602769981e+01
-4.336173176380831507e+01 2.309610410959871984e+01 -1.659845694066395083e+01
-3.552224685814768890e+01 2.314661646935858386e+01 -5.539306697806855695e+00
-3.067745802948605061e+01 3.277172170220416803e+01 -3.584403173862503955e+00
-3.454094945017301654e+01 2.217995786259733748e+01 2.211829982216519497e+01
